Frame,Chorea Label File 1,Chorea Label File 2,Issue
90269,-9,-9,Missing Frame in File 2
90270,-9,-9,Missing Frame in File 2
90271,-9,-9,Missing Frame in File 2
90272,-9,-9,Missing Frame in File 2
90273,-9,-9,Missing Frame in File 2
90274,-9,-9,Missing Frame in File 2
90275,-9,-9,Missing Frame in File 2
90276,-9,-9,Missing Frame in File 2
90277,-9,-9,Missing Frame in File 2
90278,-9,-9,Missing Frame in File 2
90279,-9,-9,Missing Frame in File 2
90280,-9,-9,Missing Frame in File 2
90281,-9,-9,Missing Frame in File 2
90282,-9,-9,Missing Frame in File 2
90283,-9,-9,Missing Frame in File 2
90284,-9,-9,Missing Frame in File 2
90285,-9,-9,Missing Frame in File 2
90286,-9,-9,Missing Frame in File 2
90287,-9,-9,Missing Frame in File 2
90288,-9,-9,Missing Frame in File 2
90289,-9,-9,Missing Frame in File 2
90290,-9,-9,Missing Frame in File 2
90291,-9,-9,Missing Frame in File 2
90292,-9,-9,Missing Frame in File 2
90293,-9,-9,Missing Frame in File 2
90294,-9,-9,Missing Frame in File 2
90295,-9,-9,Missing Frame in File 2
90296,-9,-9,Missing Frame in File 2
90297,-9,-9,Missing Frame in File 2
90298,-9,-9,Missing Frame in File 2
90299,-9,-9,Missing Frame in File 2
90300,-9,-9,Missing Frame in File 2
90301,-9,-9,Missing Frame in File 2
90302,-9,-9,Missing Frame in File 2
90303,-9,-9,Missing Frame in File 2
90304,-9,-9,Missing Frame in File 2
90305,-9,-9,Missing Frame in File 2
90306,-9,-9,Missing Frame in File 2
90307,-9,-9,Missing Frame in File 2
90308,-9,-9,Missing Frame in File 2
90309,-9,-9,Missing Frame in File 2
90310,-9,-9,Missing Frame in File 2
90311,-9,-9,Missing Frame in File 2
90312,-9,-9,Missing Frame in File 2
90313,-9,-9,Missing Frame in File 2
90314,-9,-9,Missing Frame in File 2
90315,-9,-9,Missing Frame in File 2
90316,-9,-9,Missing Frame in File 2
90317,-9,-9,Missing Frame in File 2
90318,-9,-9,Missing Frame in File 2
90319,-9,-9,Missing Frame in File 2
90320,-9,-9,Missing Frame in File 2
90321,-9,-9,Missing Frame in File 2
90322,-9,-9,Missing Frame in File 2
90323,-9,-9,Missing Frame in File 2
90324,-9,-9,Missing Frame in File 2
90325,-9,-9,Missing Frame in File 2
90326,-9,-9,Missing Frame in File 2
90327,-9,-9,Missing Frame in File 2
90328,-9,-9,Missing Frame in File 2
90329,-9,-9,Missing Frame in File 2
90330,-9,-9,Missing Frame in File 2
90331,-9,-9,Missing Frame in File 2
90332,-9,-9,Missing Frame in File 2
90333,-9,-9,Missing Frame in File 2
90334,-9,-9,Missing Frame in File 2
90335,-9,-9,Missing Frame in File 2
90336,-9,-9,Missing Frame in File 2
90337,-9,-9,Missing Frame in File 2
90338,-9,-9,Missing Frame in File 2
90339,-9,-9,Missing Frame in File 2
90340,-9,-9,Missing Frame in File 2
90341,-9,-9,Missing Frame in File 2
90342,-9,-9,Missing Frame in File 2
90343,-9,-9,Missing Frame in File 2
90344,-9,-9,Missing Frame in File 2
90345,-9,-9,Missing Frame in File 2
90346,-9,-9,Missing Frame in File 2
90347,-9,-9,Missing Frame in File 2
90348,-9,-9,Missing Frame in File 2
90349,-9,-9,Missing Frame in File 2
90350,-9,-9,Missing Frame in File 2
90351,-9,-9,Missing Frame in File 2
90352,-9,-9,Missing Frame in File 2
90353,-9,-9,Missing Frame in File 2
90354,-9,-9,Missing Frame in File 2
90355,-9,-9,Missing Frame in File 2
90356,-9,-9,Missing Frame in File 2
90357,-9,-9,Missing Frame in File 2
90358,-9,-9,Missing Frame in File 2
90359,-9,-9,Missing Frame in File 2
90360,-9,-9,Missing Frame in File 2
90361,-9,-9,Missing Frame in File 2
90362,-9,-9,Missing Frame in File 2
90363,-9,-9,Missing Frame in File 2
90364,-9,-9,Missing Frame in File 2
90365,-9,-9,Missing Frame in File 2
90366,-9,-9,Missing Frame in File 2
90367,-9,-9,Missing Frame in File 2
90368,-9,-9,Missing Frame in File 2
90369,-9,-9,Missing Frame in File 2
90370,-9,-9,Missing Frame in File 2
90371,-9,-9,Missing Frame in File 2
90372,-9,-9,Missing Frame in File 2
90373,-9,-9,Missing Frame in File 2
90374,-9,-9,Missing Frame in File 2
90375,-9,-9,Missing Frame in File 2
90376,-9,-9,Missing Frame in File 2
90377,-9,-9,Missing Frame in File 2
90378,-9,-9,Missing Frame in File 2
90379,0,-9,Missing Frame in File 2
90380,0,-9,Missing Frame in File 2
90381,0,-9,Missing Frame in File 2
90382,0,-9,Missing Frame in File 2
90383,0,-9,Missing Frame in File 2
90384,0,-9,Missing Frame in File 2
90385,0,-9,Missing Frame in File 2
90386,0,-9,Missing Frame in File 2
90387,0,-9,Missing Frame in File 2
90388,0,-9,Missing Frame in File 2
90389,0,-9,Missing Frame in File 2
90390,0,-9,Missing Frame in File 2
90391,0,-9,Missing Frame in File 2
90392,0,-9,Missing Frame in File 2
90393,0,-9,Missing Frame in File 2
90394,0,-9,Missing Frame in File 2
90395,0,-9,Missing Frame in File 2
90396,0,-9,Missing Frame in File 2
90397,0,-9,Missing Frame in File 2
90398,0,-9,Missing Frame in File 2
90399,0,-9,Missing Frame in File 2
90400,0,-9,Missing Frame in File 2
90401,0,-9,Missing Frame in File 2
90402,0,-9,Missing Frame in File 2
90403,0,-9,Missing Frame in File 2
90404,0,-9,Missing Frame in File 2
90405,0,-9,Missing Frame in File 2
90406,0,-9,Missing Frame in File 2
90407,0,-9,Missing Frame in File 2
90408,0,-9,Missing Frame in File 2
90409,0,-9,Missing Frame in File 2
90410,0,-9,Missing Frame in File 2
90411,0,-9,Missing Frame in File 2
90412,0,-9,Missing Frame in File 2
90413,0,-9,Missing Frame in File 2
90414,0,-9,Missing Frame in File 2
90415,0,-9,Missing Frame in File 2
90416,-9,-9,Missing Frame in File 2
90417,1,-9,Missing Frame in File 2
90418,1,-9,Missing Frame in File 2
90419,1,-9,Missing Frame in File 2
90420,1,-9,Missing Frame in File 2
90421,1,-9,Missing Frame in File 2
90422,1,-9,Missing Frame in File 2
90423,1,-9,Missing Frame in File 2
90424,1,-9,Missing Frame in File 2
90425,1,-9,Missing Frame in File 2
90426,1,-9,Missing Frame in File 2
90427,1,-9,Missing Frame in File 2
90428,1,-9,Missing Frame in File 2
90429,1,-9,Missing Frame in File 2
90430,1,-9,Missing Frame in File 2
90431,1,-9,Missing Frame in File 2
90432,1,-9,Missing Frame in File 2
90433,1,-9,Missing Frame in File 2
90434,1,-9,Missing Frame in File 2
90435,1,-9,Missing Frame in File 2
90436,1,-9,Missing Frame in File 2
90437,1,-9,Missing Frame in File 2
90438,1,-9,Missing Frame in File 2
90439,1,-9,Missing Frame in File 2
90440,1,-9,Missing Frame in File 2
90441,1,-9,Missing Frame in File 2
90442,1,-9,Missing Frame in File 2
90443,1,-9,Missing Frame in File 2
90444,1,-9,Missing Frame in File 2
90445,1,-9,Missing Frame in File 2
90446,1,-9,Missing Frame in File 2
90447,1,-9,Missing Frame in File 2
90448,1,-9,Missing Frame in File 2
90449,1,-9,Missing Frame in File 2
90450,1,-9,Missing Frame in File 2
90451,1,-9,Missing Frame in File 2
90452,1,-9,Missing Frame in File 2
90453,1,-9,Missing Frame in File 2
90454,1,-9,Missing Frame in File 2
90455,1,-9,Missing Frame in File 2
90456,1,-9,Missing Frame in File 2
90457,1,-9,Missing Frame in File 2
90458,1,-9,Missing Frame in File 2
90459,1,-9,Missing Frame in File 2
90460,1,-9,Missing Frame in File 2
90461,1,-9,Missing Frame in File 2
90462,1,-9,Missing Frame in File 2
90463,1,-9,Missing Frame in File 2
90464,1,-9,Missing Frame in File 2
90465,1,-9,Missing Frame in File 2
90466,1,-9,Missing Frame in File 2
90467,1,-9,Missing Frame in File 2
90468,1,-9,Missing Frame in File 2
90469,1,-9,Missing Frame in File 2
90470,1,-9,Missing Frame in File 2
90471,1,-9,Missing Frame in File 2
90472,1,-9,Missing Frame in File 2
90473,1,-9,Missing Frame in File 2
90474,3,-9,Missing Frame in File 2
90475,3,-9,Missing Frame in File 2
90476,3,-9,Missing Frame in File 2
90477,3,-9,Missing Frame in File 2
90478,3,-9,Missing Frame in File 2
90479,3,-9,Missing Frame in File 2
90480,3,-9,Missing Frame in File 2
90481,3,-9,Missing Frame in File 2
90482,3,-9,Missing Frame in File 2
90483,3,-9,Missing Frame in File 2
90484,3,-9,Missing Frame in File 2
90485,3,-9,Missing Frame in File 2
90486,3,-9,Missing Frame in File 2
90487,3,-9,Missing Frame in File 2
90488,3,-9,Missing Frame in File 2
90489,3,-9,Missing Frame in File 2
90490,3,-9,Missing Frame in File 2
90491,3,-9,Missing Frame in File 2
90492,3,-9,Missing Frame in File 2
90493,3,-9,Missing Frame in File 2
90494,3,-9,Missing Frame in File 2
90495,3,-9,Missing Frame in File 2
90496,3,-9,Missing Frame in File 2
90497,3,-9,Missing Frame in File 2
90498,3,-9,Missing Frame in File 2
90499,3,-9,Missing Frame in File 2
90500,3,-9,Missing Frame in File 2
90501,3,-9,Missing Frame in File 2
90502,3,-9,Missing Frame in File 2
90503,3,-9,Missing Frame in File 2
90504,3,-9,Missing Frame in File 2
90505,3,-9,Missing Frame in File 2
90506,3,-9,Missing Frame in File 2
90507,3,-9,Missing Frame in File 2
90508,1,-9,Missing Frame in File 2
90509,1,-9,Missing Frame in File 2
90510,1,-9,Missing Frame in File 2
90511,1,-9,Missing Frame in File 2
90512,1,-9,Missing Frame in File 2
90513,1,-9,Missing Frame in File 2
90514,1,-9,Missing Frame in File 2
90515,1,-9,Missing Frame in File 2
90516,1,-9,Missing Frame in File 2
90517,1,-9,Missing Frame in File 2
90518,1,-9,Missing Frame in File 2
90519,1,-9,Missing Frame in File 2
90520,1,-9,Missing Frame in File 2
90521,1,-9,Missing Frame in File 2
90522,1,-9,Missing Frame in File 2
90523,1,-9,Missing Frame in File 2
90524,1,-9,Missing Frame in File 2
90525,1,-9,Missing Frame in File 2
90526,1,-9,Missing Frame in File 2
90527,1,-9,Missing Frame in File 2
90528,1,-9,Missing Frame in File 2
90529,1,-9,Missing Frame in File 2
90530,1,-9,Missing Frame in File 2
90531,1,-9,Missing Frame in File 2
90532,1,-9,Missing Frame in File 2
90533,1,-9,Missing Frame in File 2
90534,1,-9,Missing Frame in File 2
90535,1,-9,Missing Frame in File 2
90536,1,-9,Missing Frame in File 2
90537,1,-9,Missing Frame in File 2
90538,1,-9,Missing Frame in File 2
90539,1,-9,Missing Frame in File 2
90540,1,-9,Missing Frame in File 2
90541,1,-9,Missing Frame in File 2
90542,1,-9,Missing Frame in File 2
90543,1,-9,Missing Frame in File 2
90544,1,-9,Missing Frame in File 2
90545,1,-9,Missing Frame in File 2
90546,0,-9,Missing Frame in File 2
90547,0,-9,Missing Frame in File 2
90548,0,-9,Missing Frame in File 2
90549,0,-9,Missing Frame in File 2
90550,0,-9,Missing Frame in File 2
90551,0,-9,Missing Frame in File 2
90552,0,-9,Missing Frame in File 2
90553,0,-9,Missing Frame in File 2
90554,0,-9,Missing Frame in File 2
90555,0,-9,Missing Frame in File 2
90556,0,-9,Missing Frame in File 2
90557,0,-9,Missing Frame in File 2
90558,0,-9,Missing Frame in File 2
90559,0,-9,Missing Frame in File 2
90560,0,-9,Missing Frame in File 2
90561,0,-9,Missing Frame in File 2
90562,0,-9,Missing Frame in File 2
90563,0,-9,Missing Frame in File 2
90564,0,-9,Missing Frame in File 2
90565,0,-9,Missing Frame in File 2
90566,0,-9,Missing Frame in File 2
90567,0,-9,Missing Frame in File 2
90568,0,-9,Missing Frame in File 2
90569,0,-9,Missing Frame in File 2
90570,0,-9,Missing Frame in File 2
95066,0,-9,Missing Frame in File 2
95067,0,-9,Missing Frame in File 2
95068,0,-9,Missing Frame in File 2
95069,0,-9,Missing Frame in File 2
95070,0,-9,Missing Frame in File 2
95071,0,-9,Missing Frame in File 2
95072,0,-9,Missing Frame in File 2
95073,0,-9,Missing Frame in File 2
95074,0,-9,Missing Frame in File 2
95075,0,-9,Missing Frame in File 2
95076,0,-9,Missing Frame in File 2
95077,0,-9,Missing Frame in File 2
95078,0,-9,Missing Frame in File 2
95079,0,-9,Missing Frame in File 2
95080,0,-9,Missing Frame in File 2
95081,0,-9,Missing Frame in File 2
95082,0,-9,Missing Frame in File 2
95083,0,-9,Missing Frame in File 2
95084,0,-9,Missing Frame in File 2
95085,0,-9,Missing Frame in File 2
95086,0,-9,Missing Frame in File 2
95087,0,-9,Missing Frame in File 2
95088,0,-9,Missing Frame in File 2
95089,0,-9,Missing Frame in File 2
95090,0,-9,Missing Frame in File 2
95091,0,-9,Missing Frame in File 2
95092,0,-9,Missing Frame in File 2
95093,0,-9,Missing Frame in File 2
95094,0,-9,Missing Frame in File 2
95095,0,-9,Missing Frame in File 2
95096,0,-9,Missing Frame in File 2
95097,0,-9,Missing Frame in File 2
95098,0,-9,Missing Frame in File 2
95099,0,-9,Missing Frame in File 2
95100,0,-9,Missing Frame in File 2
95101,0,-9,Missing Frame in File 2
95102,0,-9,Missing Frame in File 2
95103,0,-9,Missing Frame in File 2
95104,0,-9,Missing Frame in File 2
95105,0,-9,Missing Frame in File 2
95106,0,-9,Missing Frame in File 2
95107,0,-9,Missing Frame in File 2
95108,0,-9,Missing Frame in File 2
95109,0,-9,Missing Frame in File 2
95110,0,-9,Missing Frame in File 2
95111,0,-9,Missing Frame in File 2
95112,0,-9,Missing Frame in File 2
95113,0,-9,Missing Frame in File 2
95114,0,-9,Missing Frame in File 2
95115,0,-9,Missing Frame in File 2
95116,0,-9,Missing Frame in File 2
95117,1,-9,Missing Frame in File 2
95118,1,-9,Missing Frame in File 2
95119,1,-9,Missing Frame in File 2
95120,1,-9,Missing Frame in File 2
95121,1,-9,Missing Frame in File 2
95122,1,-9,Missing Frame in File 2
95123,1,-9,Missing Frame in File 2
95124,1,-9,Missing Frame in File 2
95125,1,-9,Missing Frame in File 2
95126,1,-9,Missing Frame in File 2
95127,1,-9,Missing Frame in File 2
95128,1,-9,Missing Frame in File 2
95129,1,-9,Missing Frame in File 2
95130,1,-9,Missing Frame in File 2
95131,1,-9,Missing Frame in File 2
95132,1,-9,Missing Frame in File 2
95133,1,-9,Missing Frame in File 2
95134,1,-9,Missing Frame in File 2
95135,1,-9,Missing Frame in File 2
95136,1,-9,Missing Frame in File 2
95137,1,-9,Missing Frame in File 2
95138,1,-9,Missing Frame in File 2
95139,1,-9,Missing Frame in File 2
95140,1,-9,Missing Frame in File 2
95141,1,-9,Missing Frame in File 2
95142,1,-9,Missing Frame in File 2
95143,1,-9,Missing Frame in File 2
95144,1,-9,Missing Frame in File 2
95145,1,-9,Missing Frame in File 2
95146,1,-9,Missing Frame in File 2
95147,1,-9,Missing Frame in File 2
95148,1,-9,Missing Frame in File 2
95149,1,-9,Missing Frame in File 2
95150,1,-9,Missing Frame in File 2
95151,1,-9,Missing Frame in File 2
95152,1,-9,Missing Frame in File 2
95153,1,-9,Missing Frame in File 2
95154,1,-9,Missing Frame in File 2
95155,1,-9,Missing Frame in File 2
95156,1,-9,Missing Frame in File 2
95157,1,-9,Missing Frame in File 2
95158,1,-9,Missing Frame in File 2
95159,1,-9,Missing Frame in File 2
95160,1,-9,Missing Frame in File 2
95161,1,-9,Missing Frame in File 2
95162,1,-9,Missing Frame in File 2
95163,1,-9,Missing Frame in File 2
95164,1,-9,Missing Frame in File 2
95165,1,-9,Missing Frame in File 2
95166,1,-9,Missing Frame in File 2
95167,1,-9,Missing Frame in File 2
95168,1,-9,Missing Frame in File 2
95169,1,-9,Missing Frame in File 2
95170,1,-9,Missing Frame in File 2
95171,1,-9,Missing Frame in File 2
95172,1,-9,Missing Frame in File 2
95173,1,-9,Missing Frame in File 2
95847,-9,-9,Missing Frame in File 2
95848,1,-9,Missing Frame in File 2
95849,1,-9,Missing Frame in File 2
95850,1,-9,Missing Frame in File 2
95851,1,-9,Missing Frame in File 2
95852,1,-9,Missing Frame in File 2
95853,1,-9,Missing Frame in File 2
95854,1,-9,Missing Frame in File 2
95855,1,-9,Missing Frame in File 2
95856,1,-9,Missing Frame in File 2
95857,1,-9,Missing Frame in File 2
95858,1,-9,Missing Frame in File 2
95859,1,-9,Missing Frame in File 2
95860,1,-9,Missing Frame in File 2
95861,1,-9,Missing Frame in File 2
95862,1,-9,Missing Frame in File 2
95863,1,-9,Missing Frame in File 2
95864,1,-9,Missing Frame in File 2
95865,1,-9,Missing Frame in File 2
95866,1,-9,Missing Frame in File 2
95867,1,-9,Missing Frame in File 2
95868,1,-9,Missing Frame in File 2
95869,1,-9,Missing Frame in File 2
95870,1,-9,Missing Frame in File 2
95871,1,-9,Missing Frame in File 2
95872,1,-9,Missing Frame in File 2
95873,1,-9,Missing Frame in File 2
95874,1,-9,Missing Frame in File 2
95875,1,-9,Missing Frame in File 2
95876,1,-9,Missing Frame in File 2
95877,1,-9,Missing Frame in File 2
95878,1,-9,Missing Frame in File 2
95879,1,-9,Missing Frame in File 2
95880,1,-9,Missing Frame in File 2
95881,1,-9,Missing Frame in File 2
95882,1,-9,Missing Frame in File 2
95883,1,-9,Missing Frame in File 2
95884,1,-9,Missing Frame in File 2
95885,1,-9,Missing Frame in File 2
95886,1,-9,Missing Frame in File 2
95887,1,-9,Missing Frame in File 2
95888,1,-9,Missing Frame in File 2
95889,1,-9,Missing Frame in File 2
95890,1,-9,Missing Frame in File 2
95891,1,-9,Missing Frame in File 2
95892,1,-9,Missing Frame in File 2
95893,1,-9,Missing Frame in File 2
95894,1,-9,Missing Frame in File 2
95895,1,-9,Missing Frame in File 2
95896,1,-9,Missing Frame in File 2
95897,1,-9,Missing Frame in File 2
95898,1,-9,Missing Frame in File 2
95899,1,-9,Missing Frame in File 2
95900,1,-9,Missing Frame in File 2
95901,1,-9,Missing Frame in File 2
95902,1,-9,Missing Frame in File 2
95903,1,-9,Missing Frame in File 2
95904,1,-9,Missing Frame in File 2
95905,1,-9,Missing Frame in File 2
95906,1,-9,Missing Frame in File 2
95907,1,-9,Missing Frame in File 2
95908,1,-9,Missing Frame in File 2
95909,1,-9,Missing Frame in File 2
95910,1,-9,Missing Frame in File 2
95911,1,-9,Missing Frame in File 2
95912,1,-9,Missing Frame in File 2
95913,0,-9,Missing Frame in File 2
95914,0,-9,Missing Frame in File 2
95915,0,-9,Missing Frame in File 2
95916,0,-9,Missing Frame in File 2
95917,0,-9,Missing Frame in File 2
95918,0,-9,Missing Frame in File 2
95919,0,-9,Missing Frame in File 2
95920,0,-9,Missing Frame in File 2
95921,0,-9,Missing Frame in File 2
95922,0,-9,Missing Frame in File 2
95923,0,-9,Missing Frame in File 2
95924,0,-9,Missing Frame in File 2
95925,0,-9,Missing Frame in File 2
95926,0,-9,Missing Frame in File 2
95927,0,-9,Missing Frame in File 2
95928,0,-9,Missing Frame in File 2
95929,0,-9,Missing Frame in File 2
95930,0,-9,Missing Frame in File 2
95931,0,-9,Missing Frame in File 2
95932,0,-9,Missing Frame in File 2
95933,0,-9,Missing Frame in File 2
95934,0,-9,Missing Frame in File 2
95935,0,-9,Missing Frame in File 2
95936,0,-9,Missing Frame in File 2
95937,0,-9,Missing Frame in File 2
95938,0,-9,Missing Frame in File 2
95939,3,-9,Missing Frame in File 2
95940,3,-9,Missing Frame in File 2
95941,3,-9,Missing Frame in File 2
95942,3,-9,Missing Frame in File 2
95943,3,-9,Missing Frame in File 2
95944,3,-9,Missing Frame in File 2
95945,3,-9,Missing Frame in File 2
95946,3,-9,Missing Frame in File 2
95947,3,-9,Missing Frame in File 2
95948,3,-9,Missing Frame in File 2
95949,3,-9,Missing Frame in File 2
95950,3,-9,Missing Frame in File 2
95951,3,-9,Missing Frame in File 2
95952,3,-9,Missing Frame in File 2
95953,3,-9,Missing Frame in File 2
95954,3,-9,Missing Frame in File 2
95955,3,-9,Missing Frame in File 2
95956,3,-9,Missing Frame in File 2
95957,3,-9,Missing Frame in File 2
95958,3,-9,Missing Frame in File 2
95959,3,-9,Missing Frame in File 2
95960,3,-9,Missing Frame in File 2
95961,3,-9,Missing Frame in File 2
95962,3,-9,Missing Frame in File 2
95963,3,-9,Missing Frame in File 2
95964,3,-9,Missing Frame in File 2
95965,3,-9,Missing Frame in File 2
95966,3,-9,Missing Frame in File 2
95967,3,-9,Missing Frame in File 2
95968,3,-9,Missing Frame in File 2
95969,3,-9,Missing Frame in File 2
95970,3,-9,Missing Frame in File 2
95971,3,-9,Missing Frame in File 2
95972,3,-9,Missing Frame in File 2
95973,3,-9,Missing Frame in File 2
95974,3,-9,Missing Frame in File 2
95975,3,-9,Missing Frame in File 2
95976,3,-9,Missing Frame in File 2
95977,3,-9,Missing Frame in File 2
95978,3,-9,Missing Frame in File 2
95979,3,-9,Missing Frame in File 2
95980,3,-9,Missing Frame in File 2
95981,3,-9,Missing Frame in File 2
95982,3,-9,Missing Frame in File 2
95983,3,-9,Missing Frame in File 2
95984,3,-9,Missing Frame in File 2
95985,3,-9,Missing Frame in File 2
95986,3,-9,Missing Frame in File 2
95987,3,-9,Missing Frame in File 2
95988,3,-9,Missing Frame in File 2
95989,3,-9,Missing Frame in File 2
95990,3,-9,Missing Frame in File 2
95991,3,-9,Missing Frame in File 2
95992,3,-9,Missing Frame in File 2
95993,3,-9,Missing Frame in File 2
95994,3,-9,Missing Frame in File 2
95995,3,-9,Missing Frame in File 2
95996,3,-9,Missing Frame in File 2
95997,3,-9,Missing Frame in File 2
95998,3,-9,Missing Frame in File 2
95999,3,-9,Missing Frame in File 2
96000,3,-9,Missing Frame in File 2
96001,3,-9,Missing Frame in File 2
96002,3,-9,Missing Frame in File 2
96003,3,-9,Missing Frame in File 2
96004,3,-9,Missing Frame in File 2
96005,3,-9,Missing Frame in File 2
96006,3,-9,Missing Frame in File 2
96007,-9,-9,Missing Frame in File 2
96008,-9,-9,Missing Frame in File 2
96009,-9,-9,Missing Frame in File 2
96010,-9,-9,Missing Frame in File 2
96011,-9,-9,Missing Frame in File 2
96012,-9,-9,Missing Frame in File 2
96013,-9,-9,Missing Frame in File 2
96014,-9,-9,Missing Frame in File 2
96015,-9,-9,Missing Frame in File 2
96016,-9,-9,Missing Frame in File 2
96017,-9,-9,Missing Frame in File 2
96018,-9,-9,Missing Frame in File 2
96019,-9,-9,Missing Frame in File 2
96020,-9,-9,Missing Frame in File 2
96021,-9,-9,Missing Frame in File 2
96022,-9,-9,Missing Frame in File 2
96023,-9,-9,Missing Frame in File 2
96024,-9,-9,Missing Frame in File 2
96025,-9,-9,Missing Frame in File 2
96026,-9,-9,Missing Frame in File 2
96027,-9,-9,Missing Frame in File 2
96028,-9,-9,Missing Frame in File 2
96029,-9,-9,Missing Frame in File 2
96030,-9,-9,Missing Frame in File 2
96031,-9,-9,Missing Frame in File 2
96032,-9,-9,Missing Frame in File 2
96033,-9,-9,Missing Frame in File 2
96034,-9,-9,Missing Frame in File 2
96035,-9,-9,Missing Frame in File 2
96036,-9,-9,Missing Frame in File 2
96037,-9,-9,Missing Frame in File 2
96038,-9,-9,Missing Frame in File 2
96039,-9,-9,Missing Frame in File 2
96040,-9,-9,Missing Frame in File 2
96041,-9,-9,Missing Frame in File 2
96042,-9,-9,Missing Frame in File 2
96043,-9,-9,Missing Frame in File 2
96044,-9,-9,Missing Frame in File 2
96045,-9,-9,Missing Frame in File 2
96046,-9,-9,Missing Frame in File 2
96047,-9,-9,Missing Frame in File 2
96048,-9,-9,Missing Frame in File 2
96049,-9,-9,Missing Frame in File 2
96050,-9,-9,Missing Frame in File 2
96051,-9,-9,Missing Frame in File 2
96052,-9,-9,Missing Frame in File 2
96053,-9,-9,Missing Frame in File 2
96054,-9,-9,Missing Frame in File 2
96055,-9,-9,Missing Frame in File 2
96056,-9,-9,Missing Frame in File 2
96057,-9,-9,Missing Frame in File 2
96058,-9,-9,Missing Frame in File 2
96059,-9,-9,Missing Frame in File 2
96060,-9,-9,Missing Frame in File 2
96061,-9,-9,Missing Frame in File 2
96062,-9,-9,Missing Frame in File 2
96063,-9,-9,Missing Frame in File 2
96064,-9,-9,Missing Frame in File 2
96065,-9,-9,Missing Frame in File 2
96066,-9,-9,Missing Frame in File 2
96067,-9,-9,Missing Frame in File 2
96068,-9,-9,Missing Frame in File 2
96069,-9,-9,Missing Frame in File 2
96070,-9,-9,Missing Frame in File 2
96071,-9,-9,Missing Frame in File 2
96072,-9,-9,Missing Frame in File 2
96073,-9,-9,Missing Frame in File 2
96074,-9,-9,Missing Frame in File 2
96075,-9,-9,Missing Frame in File 2
96076,-9,-9,Missing Frame in File 2
96077,-9,-9,Missing Frame in File 2
96078,-9,-9,Missing Frame in File 2
96079,-9,-9,Missing Frame in File 2
96080,-9,-9,Missing Frame in File 2
96081,-9,-9,Missing Frame in File 2
96082,-9,-9,Missing Frame in File 2
96083,-9,-9,Missing Frame in File 2
96084,-9,-9,Missing Frame in File 2
96085,-9,-9,Missing Frame in File 2
96086,-9,-9,Missing Frame in File 2
96087,-9,-9,Missing Frame in File 2
96088,-9,-9,Missing Frame in File 2
96089,-9,-9,Missing Frame in File 2
96090,-9,-9,Missing Frame in File 2
96091,-9,-9,Missing Frame in File 2
96092,-9,-9,Missing Frame in File 2
96093,-9,-9,Missing Frame in File 2
96094,-9,-9,Missing Frame in File 2
113447,-9,1,Missing Frame in File 1
113448,-9,1,Missing Frame in File 1
113449,-9,1,Missing Frame in File 1
113450,-9,1,Missing Frame in File 1
113451,-9,1,Missing Frame in File 1
113452,-9,1,Missing Frame in File 1
113453,-9,1,Missing Frame in File 1
113454,-9,1,Missing Frame in File 1
113455,-9,1,Missing Frame in File 1
113456,-9,1,Missing Frame in File 1
113457,-9,1,Missing Frame in File 1
113458,-9,1,Missing Frame in File 1
113459,-9,1,Missing Frame in File 1
113460,-9,1,Missing Frame in File 1
113461,-9,1,Missing Frame in File 1
113462,-9,1,Missing Frame in File 1
113463,-9,1,Missing Frame in File 1
113464,-9,1,Missing Frame in File 1
113465,-9,1,Missing Frame in File 1
113466,-9,1,Missing Frame in File 1
113467,-9,1,Missing Frame in File 1
113468,-9,1,Missing Frame in File 1
113469,-9,1,Missing Frame in File 1
113470,-9,1,Missing Frame in File 1
113471,-9,1,Missing Frame in File 1
113472,-9,1,Missing Frame in File 1
113473,-9,1,Missing Frame in File 1
113474,-9,1,Missing Frame in File 1
113475,-9,1,Missing Frame in File 1
113476,-9,1,Missing Frame in File 1
113477,-9,1,Missing Frame in File 1
113478,-9,1,Missing Frame in File 1
113479,-9,1,Missing Frame in File 1
113480,-9,1,Missing Frame in File 1
113481,-9,1,Missing Frame in File 1
113482,-9,1,Missing Frame in File 1
113483,-9,1,Mismatch
113484,-9,1,Mismatch
113485,-9,1,Mismatch
113486,-9,1,Mismatch
113487,-9,1,Mismatch
113488,-9,1,Mismatch
113489,-9,1,Mismatch
113490,-9,1,Mismatch
113491,-9,1,Mismatch
113492,-9,1,Mismatch
113493,-9,1,Mismatch
113494,-9,1,Mismatch
113495,-9,1,Mismatch
113496,-9,1,Mismatch
113497,-9,1,Mismatch
113498,-9,1,Mismatch
113499,-9,1,Mismatch
113500,-9,1,Mismatch
113501,-9,1,Mismatch
113502,-9,1,Mismatch
113503,-9,1,Mismatch
113504,-9,1,Mismatch
113505,-9,1,Mismatch
113506,-9,1,Mismatch
113507,-9,1,Mismatch
113508,-9,1,Mismatch
113509,-9,1,Mismatch
113510,-9,1,Mismatch
113511,-9,1,Mismatch
113512,-9,1,Mismatch
113513,-9,1,Mismatch
113514,-9,1,Mismatch
113515,-9,1,Mismatch
113516,-9,1,Mismatch
113517,-9,1,Mismatch
113518,-9,1,Mismatch
113519,-9,1,Mismatch
113520,-9,1,Mismatch
113521,-9,1,Mismatch
113522,-9,1,Mismatch
113523,-9,1,Mismatch
113524,-9,1,Mismatch
113525,-9,1,Mismatch
113526,-9,1,Mismatch
113527,-9,1,Mismatch
113528,-9,1,Mismatch
113529,-9,1,Mismatch
113530,-9,1,Mismatch
113531,-9,1,Mismatch
113532,-9,1,Mismatch
113533,-9,1,Mismatch
113534,-9,1,Mismatch
113535,-9,1,Mismatch
113536,-9,1,Mismatch
113537,-9,1,Mismatch
113538,-9,1,Mismatch
113539,-9,1,Mismatch
113540,-9,1,Mismatch
113541,-9,1,Mismatch
113542,-9,1,Mismatch
113543,-9,1,Mismatch
113544,-9,1,Mismatch
113545,-9,1,Mismatch
113546,-9,1,Mismatch
113575,-9,1,Mismatch
113576,-9,1,Mismatch
113577,-9,1,Mismatch
113578,-9,1,Mismatch
113579,-9,1,Mismatch
113580,-9,1,Mismatch
113581,-9,1,Mismatch
113582,-9,1,Mismatch
113583,-9,1,Mismatch
113584,-9,1,Mismatch
113585,-9,1,Mismatch
113586,-9,1,Mismatch
113587,-9,1,Mismatch
113588,-9,1,Mismatch
113589,-9,1,Mismatch
113590,-9,1,Mismatch
113591,-9,1,Mismatch
113592,-9,1,Mismatch
113593,-9,1,Mismatch
113594,-9,1,Mismatch
113595,-9,1,Mismatch
113596,-9,1,Mismatch
113597,-9,1,Mismatch
113598,-9,1,Mismatch
113599,-9,1,Mismatch
113600,-9,1,Mismatch
113601,-9,1,Mismatch
113602,-9,1,Mismatch
113603,-9,1,Mismatch
113604,-9,1,Mismatch
113605,-9,1,Mismatch
113606,-9,1,Mismatch
113607,-9,1,Mismatch
113608,-9,1,Mismatch
113609,-9,1,Mismatch
113610,-9,1,Mismatch
113611,-9,1,Mismatch
113612,-9,1,Mismatch
113613,-9,1,Mismatch
113614,-9,1,Mismatch
113615,-9,1,Mismatch
113616,-9,1,Mismatch
113617,-9,1,Mismatch
113618,-9,1,Mismatch
113619,-9,1,Mismatch
113620,-9,1,Mismatch
113621,-9,1,Mismatch
113622,-9,1,Mismatch
113623,-9,1,Mismatch
113624,-9,1,Mismatch
113625,-9,1,Mismatch
113626,-9,1,Mismatch
113627,-9,1,Mismatch
113628,-9,1,Mismatch
113629,-9,1,Mismatch
113630,-9,1,Mismatch
113631,-9,1,Mismatch
113632,-9,1,Mismatch
113633,-9,1,Mismatch
113634,-9,1,Mismatch
113635,-9,1,Mismatch
113636,-9,1,Mismatch
113637,-9,1,Mismatch
113638,-9,1,Mismatch
113639,-9,1,Mismatch
113640,-9,1,Mismatch
113641,-9,1,Mismatch
113642,-9,1,Mismatch
113643,-9,1,Mismatch
113644,-9,1,Mismatch
113645,-9,1,Mismatch
113646,-9,1,Mismatch
113647,-9,1,Mismatch
113648,-9,1,Mismatch
113649,-9,1,Mismatch
113650,-9,1,Mismatch
113651,-9,1,Mismatch
113652,-9,1,Mismatch
113653,-9,1,Mismatch
113654,-9,1,Mismatch
113655,-9,1,Mismatch
113656,-9,1,Mismatch
113657,-9,1,Mismatch
113658,-9,1,Mismatch
113659,-9,1,Mismatch
113660,-9,1,Mismatch
113661,-9,1,Mismatch
113662,-9,1,Mismatch
113663,-9,1,Mismatch
113664,-9,1,Mismatch
113665,-9,1,Mismatch
113666,-9,1,Mismatch
113667,-9,1,Mismatch
113668,-9,1,Mismatch
113669,-9,1,Mismatch
113670,-9,1,Mismatch
113671,-9,1,Mismatch
113672,-9,1,Mismatch
113673,-9,1,Mismatch
113674,-9,1,Mismatch
113675,-9,1,Mismatch
113676,-9,1,Mismatch
113677,-9,1,Mismatch
113678,-9,1,Mismatch
113679,-9,1,Mismatch
113680,-9,1,Mismatch
113681,-9,1,Mismatch
113682,-9,1,Mismatch
113683,-9,1,Mismatch
113684,-9,1,Mismatch
113685,-9,1,Mismatch
113686,-9,1,Mismatch
113687,-9,1,Mismatch
113688,-9,1,Mismatch
113689,-9,1,Mismatch
113690,-9,1,Mismatch
113691,-9,1,Mismatch
113692,-9,1,Mismatch
113693,-9,1,Mismatch
113694,-9,1,Mismatch
113695,-9,1,Mismatch
113696,-9,1,Mismatch
113697,-9,1,Mismatch
113698,-9,1,Mismatch
113699,-9,1,Mismatch
113700,-9,1,Mismatch
113701,-9,1,Mismatch
113702,-9,1,Mismatch
113703,-9,1,Mismatch
113704,-9,1,Mismatch
113705,-9,1,Mismatch
113706,-9,1,Mismatch
113707,-9,1,Mismatch
113708,-9,1,Mismatch
113709,-9,1,Mismatch
113710,-9,1,Mismatch
113711,-9,1,Mismatch
113712,-9,1,Mismatch
113713,-9,1,Mismatch
113714,-9,1,Mismatch
113715,-9,1,Mismatch
113716,-9,1,Mismatch
113717,-9,1,Mismatch
113718,-9,1,Mismatch
113719,-9,1,Mismatch
113720,-9,1,Mismatch
113721,-9,1,Mismatch
113722,-9,1,Mismatch
113723,-9,1,Mismatch
113724,-9,1,Mismatch
113725,-9,1,Mismatch
113726,-9,1,Mismatch
113727,-9,1,Mismatch
113728,-9,1,Mismatch
113729,-9,1,Mismatch
113730,-9,1,Mismatch
113731,-9,1,Mismatch
113732,-9,1,Mismatch
113733,-9,1,Mismatch
113734,-9,1,Mismatch
113735,-9,1,Mismatch
113736,-9,1,Mismatch
113737,-9,1,Mismatch
113738,-9,1,Mismatch
113739,-9,1,Mismatch
113740,-9,1,Mismatch
113741,-9,1,Mismatch
113742,-9,1,Mismatch
113743,-9,1,Mismatch
113744,-9,1,Mismatch
113745,-9,1,Mismatch
113746,-9,1,Mismatch
113747,-9,1,Mismatch
113748,-9,1,Mismatch
113749,-9,1,Mismatch
113750,-9,1,Mismatch
113751,-9,1,Mismatch
113752,-9,1,Mismatch
113753,-9,1,Mismatch
113754,-9,1,Mismatch
113755,-9,1,Mismatch
113756,-9,1,Mismatch
113757,-9,1,Mismatch
113758,-9,1,Mismatch
113759,-9,1,Mismatch
113760,-9,1,Mismatch
113761,-9,1,Mismatch
113762,-9,1,Mismatch
113763,-9,1,Mismatch
113764,-9,1,Mismatch
113765,-9,1,Mismatch
113766,-9,1,Mismatch
113767,-9,1,Mismatch
113768,-9,1,Mismatch
113769,-9,1,Mismatch
113770,-9,1,Mismatch
113771,-9,1,Mismatch
113772,-9,1,Mismatch
113773,-9,1,Mismatch
113774,-9,1,Mismatch
113775,-9,1,Mismatch
113776,-9,1,Mismatch
113777,-9,1,Mismatch
113778,-9,1,Mismatch
113779,-9,1,Mismatch
113780,-9,1,Mismatch
113781,-9,1,Mismatch
113782,-9,1,Mismatch
113783,-9,1,Mismatch
113784,-9,1,Mismatch
113785,-9,1,Mismatch
113786,-9,1,Mismatch
113787,-9,1,Mismatch
113788,-9,1,Mismatch
113789,-9,1,Mismatch
113790,-9,1,Mismatch
113791,-9,1,Mismatch
113792,-9,1,Mismatch
113793,-9,1,Mismatch
113794,-9,1,Mismatch
113795,-9,1,Mismatch
113796,-9,1,Mismatch
113797,-9,1,Mismatch
113798,-9,1,Mismatch
113799,-9,1,Mismatch
113800,-9,1,Mismatch
113801,-9,1,Mismatch
113802,-9,1,Mismatch
113803,-9,1,Mismatch
113804,-9,1,Mismatch
113805,-9,1,Mismatch
113806,-9,1,Mismatch
113807,-9,1,Mismatch
113808,-9,1,Mismatch
113809,-9,1,Mismatch
113810,-9,1,Mismatch
113811,-9,1,Mismatch
113812,-9,1,Mismatch
113813,-9,1,Mismatch
113814,-9,1,Mismatch
113815,-9,1,Mismatch
113816,-9,1,Mismatch
113817,-9,1,Mismatch
113818,-9,1,Mismatch
113819,-9,1,Mismatch
113820,-9,1,Mismatch
113821,-9,1,Mismatch
113822,-9,1,Mismatch
113823,-9,1,Mismatch
113824,-9,1,Mismatch
113825,-9,1,Mismatch
113826,-9,1,Mismatch
113827,-9,1,Mismatch
113828,-9,1,Mismatch
113829,-9,1,Mismatch
113830,-9,1,Mismatch
113831,-9,1,Mismatch
113832,-9,1,Mismatch
113833,-9,1,Mismatch
113834,-9,1,Mismatch
113835,-9,1,Mismatch
113836,-9,1,Mismatch
113837,-9,1,Mismatch
113838,-9,1,Mismatch
113839,-9,1,Mismatch
113840,-9,1,Mismatch
113841,-9,1,Mismatch
113842,-9,1,Mismatch
113843,-9,1,Mismatch
113844,-9,1,Mismatch
113845,-9,1,Mismatch
113846,-9,1,Mismatch
113847,-9,1,Mismatch
113848,-9,1,Mismatch
113849,-9,1,Mismatch
113850,-9,1,Mismatch
113851,-9,1,Mismatch
113852,-9,1,Mismatch
113853,-9,1,Mismatch
113854,-9,1,Mismatch
113855,-9,1,Mismatch
113856,-9,1,Mismatch
113857,-9,1,Mismatch
113858,-9,1,Mismatch
113859,-9,1,Mismatch
113860,-9,1,Mismatch
113861,-9,1,Mismatch
113862,-9,1,Mismatch
113863,-9,1,Mismatch
113864,-9,1,Mismatch
113865,-9,1,Mismatch
113866,-9,1,Mismatch
113867,-9,1,Mismatch
113868,-9,1,Mismatch
113869,-9,1,Mismatch
113870,-9,1,Mismatch
113871,-9,1,Mismatch
113872,-9,1,Mismatch
113873,-9,1,Mismatch
113874,-9,1,Mismatch
113875,-9,1,Mismatch
113876,-9,1,Mismatch
113877,-9,1,Mismatch
113878,-9,1,Mismatch
113879,-9,1,Mismatch
113880,-9,1,Mismatch
113881,-9,1,Mismatch
113882,-9,1,Mismatch
113883,-9,1,Mismatch
113884,-9,1,Mismatch
113885,-9,1,Mismatch
113886,-9,1,Mismatch
113887,-9,1,Mismatch
113888,-9,1,Mismatch
113889,-9,1,Mismatch
113890,-9,1,Mismatch
113891,-9,1,Mismatch
113892,-9,1,Mismatch
113893,-9,1,Mismatch
113894,-9,1,Mismatch
113895,-9,1,Mismatch
113896,-9,1,Mismatch
113897,-9,1,Mismatch
113898,-9,1,Mismatch
113899,-9,1,Mismatch
113900,-9,1,Mismatch
113901,-9,1,Mismatch
113902,-9,1,Mismatch
113903,-9,1,Mismatch
113904,-9,1,Mismatch
113905,0,1,Mismatch
113906,0,1,Mismatch
113907,0,1,Mismatch
113908,0,1,Mismatch
113909,0,1,Mismatch
113910,0,1,Mismatch
113911,0,1,Mismatch
113912,0,1,Mismatch
113913,0,1,Mismatch
113914,0,1,Mismatch
113915,0,1,Mismatch
113916,0,1,Mismatch
113917,0,1,Mismatch
113918,0,1,Mismatch
113919,0,1,Mismatch
113920,0,1,Mismatch
113921,0,1,Mismatch
113922,0,1,Mismatch
113923,0,1,Mismatch
113924,0,1,Mismatch
113925,0,1,Mismatch
113926,0,1,Mismatch
113927,0,1,Mismatch
113928,0,1,Mismatch
113929,0,1,Mismatch
113930,0,1,Mismatch
113931,0,1,Mismatch
113932,0,1,Mismatch
113933,0,1,Mismatch
113934,0,1,Mismatch
113935,0,1,Mismatch
113936,0,1,Mismatch
113937,0,1,Mismatch
113938,0,1,Mismatch
113939,0,1,Mismatch
113940,0,1,Mismatch
113941,0,1,Mismatch
113942,0,1,Mismatch
113943,0,1,Mismatch
113944,0,1,Mismatch
113945,0,1,Mismatch
113946,0,1,Mismatch
113947,0,1,Mismatch
113948,0,1,Mismatch
113949,0,1,Mismatch
113950,0,1,Mismatch
113951,0,1,Mismatch
113952,0,1,Mismatch
113953,0,1,Mismatch
113954,0,1,Mismatch
113955,0,1,Mismatch
113956,0,1,Mismatch
113957,0,1,Mismatch
113958,0,1,Mismatch
113959,0,1,Mismatch
113960,0,1,Mismatch
113961,0,1,Mismatch
113962,0,1,Mismatch
113963,0,1,Mismatch
113964,0,1,Mismatch
113965,0,1,Mismatch
113966,0,1,Mismatch
113967,0,1,Mismatch
113968,0,1,Mismatch
113969,0,1,Mismatch
113970,0,1,Mismatch
113971,0,1,Mismatch
113972,0,1,Mismatch
113973,0,1,Mismatch
113974,0,1,Mismatch
113975,0,1,Mismatch
113976,0,1,Mismatch
113977,0,1,Mismatch
113978,0,1,Mismatch
113979,0,1,Mismatch
113980,0,1,Mismatch
113981,0,1,Mismatch
113982,0,1,Mismatch
113983,0,1,Mismatch
113984,0,1,Mismatch
113985,0,1,Mismatch
113986,0,1,Mismatch
113987,0,1,Mismatch
113988,0,1,Mismatch
113989,0,1,Mismatch
113990,0,1,Mismatch
113991,0,1,Mismatch
113992,0,1,Mismatch
113993,0,1,Mismatch
113994,0,1,Mismatch
113995,0,1,Mismatch
113996,0,1,Mismatch
113997,0,1,Mismatch
113998,0,1,Mismatch
113999,0,1,Mismatch
114000,0,1,Mismatch
114001,0,1,Mismatch
114002,0,1,Mismatch
114003,0,1,Mismatch
114004,0,1,Mismatch
114005,0,1,Mismatch
114006,0,1,Mismatch
114007,0,1,Mismatch
114008,0,1,Mismatch
114009,0,1,Mismatch
114010,0,1,Mismatch
114011,0,1,Mismatch
114012,0,1,Mismatch
114013,0,1,Mismatch
114014,0,1,Mismatch
114015,0,1,Mismatch
114016,0,1,Mismatch
114017,0,1,Mismatch
114018,0,1,Mismatch
114019,0,1,Mismatch
114020,0,1,Mismatch
114021,0,1,Mismatch
114022,0,1,Mismatch
114023,0,1,Mismatch
114024,0,1,Mismatch
114025,0,1,Mismatch
114026,0,1,Mismatch
114027,0,1,Mismatch
114028,0,1,Mismatch
114029,0,1,Mismatch
114030,0,1,Mismatch
114031,0,1,Mismatch
114032,0,1,Mismatch
114033,0,1,Mismatch
114034,0,1,Mismatch
114035,0,1,Mismatch
114036,0,1,Mismatch
114037,0,1,Mismatch
114038,0,1,Mismatch
114039,0,1,Mismatch
114040,0,1,Mismatch
114041,0,1,Mismatch
114042,0,1,Mismatch
114043,0,1,Mismatch
114044,0,1,Mismatch
114045,0,1,Mismatch
114046,0,1,Mismatch
114047,0,1,Mismatch
114048,0,1,Mismatch
114049,0,1,Mismatch
114050,0,1,Mismatch
114051,0,1,Mismatch
114052,0,1,Mismatch
114053,0,1,Mismatch
114054,0,1,Mismatch
114055,0,1,Mismatch
114056,0,1,Mismatch
114057,0,1,Mismatch
114058,0,1,Mismatch
114059,0,1,Mismatch
114060,0,1,Mismatch
114061,0,1,Mismatch
114062,0,1,Mismatch
114063,0,1,Mismatch
114064,0,1,Mismatch
114065,0,1,Mismatch
114066,0,1,Mismatch
114067,0,1,Mismatch
114068,0,1,Mismatch
114069,0,1,Mismatch
114070,0,1,Mismatch
114071,0,1,Mismatch
114072,0,1,Mismatch
114073,0,1,Mismatch
114074,0,1,Mismatch
114075,0,1,Mismatch
114076,0,1,Mismatch
114077,0,1,Mismatch
114078,0,1,Mismatch
114079,0,1,Mismatch
114080,0,1,Mismatch
114081,0,1,Mismatch
114082,0,1,Mismatch
114083,0,1,Mismatch
114084,0,1,Mismatch
114085,0,1,Mismatch
114086,0,1,Mismatch
114087,0,1,Mismatch
114088,0,1,Mismatch
114089,0,1,Mismatch
114090,0,1,Mismatch
114091,0,1,Mismatch
114092,0,1,Mismatch
114093,0,1,Mismatch
114094,0,1,Mismatch
114095,0,1,Mismatch
114096,0,1,Mismatch
114097,0,1,Mismatch
114098,0,1,Mismatch
114099,0,1,Mismatch
114100,0,1,Mismatch
114101,0,1,Mismatch
114102,0,1,Mismatch
114103,0,1,Mismatch
114104,0,1,Mismatch
114105,0,1,Mismatch
114106,0,1,Mismatch
114107,0,1,Mismatch
114108,0,1,Mismatch
114109,0,1,Mismatch
114110,0,1,Mismatch
114111,0,1,Mismatch
114112,0,1,Mismatch
114113,0,1,Mismatch
114114,0,1,Mismatch
114115,0,1,Mismatch
114116,0,1,Mismatch
114117,0,1,Mismatch
114118,0,1,Mismatch
114119,0,1,Mismatch
114120,0,1,Mismatch
114121,0,1,Mismatch
114122,0,1,Mismatch
114123,0,1,Mismatch
114124,0,1,Mismatch
114125,0,1,Mismatch
114126,0,1,Mismatch
114127,0,1,Mismatch
114128,0,1,Mismatch
114129,0,1,Mismatch
114130,0,1,Mismatch
114131,0,1,Mismatch
114132,0,1,Mismatch
114133,0,1,Mismatch
114134,0,1,Mismatch
114135,0,1,Mismatch
114136,0,1,Mismatch
114137,0,1,Mismatch
114138,0,1,Mismatch
114139,0,1,Mismatch
114140,0,1,Mismatch
114141,0,1,Mismatch
114142,0,1,Mismatch
114143,0,1,Mismatch
114144,0,1,Mismatch
114145,0,1,Mismatch
114146,0,1,Mismatch
114147,0,1,Mismatch
114148,0,1,Mismatch
114149,0,1,Mismatch
114150,0,1,Mismatch
114151,0,1,Mismatch
114152,0,1,Mismatch
114153,0,1,Mismatch
114154,0,1,Mismatch
114155,0,1,Mismatch
114156,0,1,Mismatch
114157,0,1,Mismatch
114158,0,1,Mismatch
114159,0,1,Mismatch
114160,0,1,Mismatch
114161,0,1,Mismatch
114162,0,1,Mismatch
114163,0,1,Mismatch
114164,0,1,Mismatch
114165,0,1,Mismatch
114166,0,1,Mismatch
114167,0,1,Mismatch
114168,0,1,Mismatch
114169,0,1,Mismatch
114170,0,1,Mismatch
114171,0,1,Mismatch
114172,0,1,Mismatch
114173,0,1,Mismatch
114174,0,1,Mismatch
114175,0,1,Mismatch
114176,0,1,Mismatch
114177,0,1,Mismatch
114178,0,1,Mismatch
114179,0,1,Mismatch
114180,0,1,Mismatch
114181,0,1,Mismatch
114182,0,1,Mismatch
114183,0,1,Mismatch
114184,0,1,Mismatch
114185,0,1,Mismatch
114186,0,1,Mismatch
114187,0,1,Mismatch
114188,0,1,Mismatch
114189,0,1,Mismatch
114190,0,1,Mismatch
114191,0,1,Mismatch
114192,0,1,Mismatch
114193,0,1,Mismatch
114194,0,1,Mismatch
114195,0,1,Mismatch
114196,0,1,Mismatch
114197,0,1,Mismatch
114198,0,1,Mismatch
114199,0,1,Mismatch
114200,0,1,Mismatch
114201,0,1,Mismatch
114202,0,1,Mismatch
114203,0,1,Mismatch
114204,0,1,Mismatch
114205,0,1,Mismatch
114206,0,1,Mismatch
114207,0,1,Mismatch
114208,0,1,Mismatch
114209,0,1,Mismatch
114210,0,1,Mismatch
114211,0,1,Mismatch
114212,0,1,Mismatch
114213,0,1,Mismatch
114214,0,1,Mismatch
114215,0,1,Mismatch
114216,0,1,Mismatch
114217,0,1,Mismatch
114218,0,1,Mismatch
114219,0,1,Mismatch
114220,0,1,Mismatch
114221,0,1,Mismatch
114222,0,1,Mismatch
114223,0,1,Mismatch
114224,0,1,Mismatch
114225,0,1,Mismatch
114226,0,1,Mismatch
114227,0,1,Mismatch
114228,0,1,Mismatch
114229,0,1,Mismatch
114230,0,1,Mismatch
114231,0,1,Mismatch
114232,0,1,Mismatch
114233,0,1,Mismatch
114234,0,1,Mismatch
114235,0,1,Mismatch
114236,0,1,Mismatch
114237,0,1,Mismatch
114238,0,1,Mismatch
114239,0,1,Mismatch
114240,0,1,Mismatch
114241,0,1,Mismatch
114242,0,1,Mismatch
114243,0,1,Mismatch
114244,0,1,Mismatch
114245,0,1,Mismatch
114246,0,1,Mismatch
114247,0,1,Mismatch
114248,0,1,Mismatch
114249,0,1,Mismatch
114250,0,1,Mismatch
114251,0,1,Mismatch
114252,0,1,Mismatch
114253,0,1,Mismatch
114254,0,1,Mismatch
114255,0,1,Mismatch
114256,0,1,Mismatch
114257,0,1,Mismatch
114258,0,1,Mismatch
114259,0,1,Mismatch
114260,0,1,Mismatch
114261,0,1,Mismatch
114262,0,1,Mismatch
114263,0,1,Mismatch
114264,0,1,Mismatch
114265,0,1,Mismatch
114266,0,1,Mismatch
114267,0,1,Mismatch
114268,0,1,Mismatch
114269,0,1,Mismatch
114270,0,1,Mismatch
114271,0,1,Mismatch
114272,0,1,Mismatch
114273,0,1,Mismatch
114274,0,1,Mismatch
114275,0,1,Mismatch
114276,0,1,Mismatch
114277,0,1,Mismatch
114278,0,1,Mismatch
114279,0,1,Mismatch
114280,0,1,Mismatch
114281,0,1,Mismatch
114282,0,1,Mismatch
114283,0,1,Mismatch
114284,0,1,Mismatch
114285,0,1,Mismatch
114286,0,1,Mismatch
114287,0,1,Mismatch
114288,0,1,Mismatch
114289,0,1,Mismatch
114290,0,1,Mismatch
114291,0,1,Mismatch
114292,0,1,Mismatch
114293,0,1,Mismatch
114294,0,1,Mismatch
114295,0,1,Mismatch
114296,0,1,Mismatch
114297,0,1,Mismatch
114298,0,1,Mismatch
114299,0,1,Mismatch
114300,0,1,Mismatch
114301,0,1,Mismatch
114302,0,1,Mismatch
114303,0,1,Mismatch
114304,0,1,Mismatch
114305,0,1,Mismatch
114306,0,1,Mismatch
114307,0,1,Mismatch
114308,0,1,Mismatch
114309,0,1,Mismatch
114310,0,1,Mismatch
114311,0,1,Mismatch
114312,0,1,Mismatch
114313,0,1,Mismatch
114314,0,1,Mismatch
114315,0,1,Mismatch
114316,0,1,Mismatch
114317,0,1,Mismatch
114318,0,1,Mismatch
114319,0,1,Mismatch
114320,0,1,Mismatch
114321,0,1,Mismatch
114322,0,1,Mismatch
114323,0,1,Mismatch
114324,0,1,Mismatch
114325,0,1,Mismatch
114326,0,1,Mismatch
114327,0,1,Mismatch
114328,0,1,Mismatch
114329,0,1,Mismatch
114330,0,1,Mismatch
114331,0,1,Mismatch
114332,0,1,Mismatch
114333,0,1,Mismatch
114334,0,1,Mismatch
114335,0,1,Mismatch
114336,0,1,Mismatch
114337,0,1,Mismatch
114338,0,1,Mismatch
114339,0,1,Mismatch
114340,0,1,Mismatch
114341,0,1,Mismatch
114342,0,1,Mismatch
114343,0,1,Mismatch
114344,0,1,Mismatch
114345,0,1,Mismatch
114346,0,1,Mismatch
114347,0,1,Mismatch
114348,0,1,Mismatch
114349,0,1,Mismatch
114350,0,1,Mismatch
114351,0,1,Mismatch
114352,0,1,Mismatch
114353,0,1,Mismatch
114354,0,1,Mismatch
114355,0,1,Mismatch
114356,0,1,Mismatch
114357,0,1,Mismatch
114358,0,1,Mismatch
114359,0,1,Mismatch
114360,0,1,Mismatch
114361,0,1,Mismatch
114362,0,1,Mismatch
114363,0,1,Mismatch
114364,0,1,Mismatch
114365,0,1,Mismatch
114366,0,1,Mismatch
114367,0,1,Mismatch
114368,0,1,Mismatch
114369,0,1,Mismatch
114370,0,1,Mismatch
114371,0,1,Mismatch
114372,0,1,Mismatch
114373,0,1,Mismatch
114374,0,1,Mismatch
114375,0,1,Mismatch
114376,0,1,Mismatch
114377,0,1,Mismatch
114378,0,1,Mismatch
114379,0,1,Mismatch
114380,0,1,Mismatch
114381,0,1,Mismatch
114382,0,1,Mismatch
114383,0,1,Mismatch
114384,0,1,Mismatch
114385,0,1,Mismatch
114386,0,1,Mismatch
114387,0,1,Mismatch
114388,0,1,Mismatch
114389,0,1,Mismatch
114390,0,1,Mismatch
114391,0,1,Mismatch
114392,0,1,Mismatch
114393,0,1,Mismatch
114394,0,1,Mismatch
114395,0,1,Mismatch
114396,0,1,Mismatch
114397,0,1,Mismatch
114398,0,1,Mismatch
114399,0,1,Mismatch
114400,0,1,Mismatch
114401,0,1,Mismatch
114402,0,1,Mismatch
114403,0,1,Mismatch
114404,0,1,Mismatch
114405,0,1,Mismatch
114406,0,1,Mismatch
114407,0,1,Mismatch
114408,0,1,Mismatch
114409,0,1,Mismatch
114410,0,1,Mismatch
114411,0,1,Mismatch
114412,0,1,Mismatch
114413,0,1,Mismatch
114414,0,1,Mismatch
114445,0,1,Mismatch
114446,0,1,Mismatch
114447,0,1,Mismatch
114448,0,1,Mismatch
114449,0,1,Mismatch
114450,0,1,Mismatch
114451,0,1,Mismatch
114452,0,1,Mismatch
114453,0,1,Mismatch
114454,0,1,Mismatch
114455,0,1,Mismatch
114456,0,1,Mismatch
114457,0,1,Mismatch
114458,0,1,Mismatch
114459,0,1,Mismatch
114460,0,1,Mismatch
114461,0,1,Mismatch
114462,0,1,Mismatch
114463,0,1,Mismatch
114464,0,1,Mismatch
114465,0,1,Mismatch
114466,0,1,Mismatch
114467,0,1,Mismatch
114468,0,1,Mismatch
114469,0,1,Mismatch
114470,0,1,Mismatch
114471,0,1,Mismatch
114472,0,1,Mismatch
114473,0,1,Mismatch
114474,0,1,Mismatch
114475,0,1,Mismatch
114476,0,1,Mismatch
114477,0,1,Mismatch
114478,0,1,Mismatch
114479,0,1,Mismatch
114480,0,1,Mismatch
114481,0,1,Mismatch
114482,0,1,Mismatch
114483,0,1,Mismatch
114484,0,1,Mismatch
114485,-9,1,Missing Frame in File 1
114486,-9,1,Missing Frame in File 1
114487,-9,1,Missing Frame in File 1
114488,-9,1,Missing Frame in File 1
114489,-9,1,Missing Frame in File 1
114490,-9,1,Missing Frame in File 1
114491,-9,1,Missing Frame in File 1
114492,-9,1,Missing Frame in File 1
114493,-9,1,Missing Frame in File 1
114494,-9,1,Missing Frame in File 1
114495,-9,1,Missing Frame in File 1
114496,-9,1,Missing Frame in File 1
114497,-9,1,Missing Frame in File 1
114498,-9,1,Missing Frame in File 1
114499,-9,1,Missing Frame in File 1
114500,-9,1,Missing Frame in File 1
114501,-9,1,Missing Frame in File 1
114502,-9,1,Missing Frame in File 1
114503,-9,1,Missing Frame in File 1
114504,-9,1,Missing Frame in File 1
114505,-9,1,Missing Frame in File 1
114506,-9,1,Missing Frame in File 1
114507,-9,1,Missing Frame in File 1
114508,-9,1,Missing Frame in File 1
114509,-9,1,Missing Frame in File 1
114510,-9,1,Missing Frame in File 1
114511,-9,1,Missing Frame in File 1
114512,-9,1,Missing Frame in File 1
114513,-9,1,Missing Frame in File 1
114514,-9,1,Missing Frame in File 1
114515,-9,1,Missing Frame in File 1
114516,-9,1,Missing Frame in File 1
114517,-9,1,Missing Frame in File 1
114518,-9,1,Missing Frame in File 1
114519,-9,1,Missing Frame in File 1
114520,-9,1,Missing Frame in File 1
114521,-9,1,Missing Frame in File 1
114522,-9,1,Missing Frame in File 1
114523,-9,1,Missing Frame in File 1
114524,-9,1,Missing Frame in File 1
114525,-9,1,Missing Frame in File 1
114526,-9,1,Missing Frame in File 1
114527,-9,1,Missing Frame in File 1
114528,-9,1,Missing Frame in File 1
114529,-9,1,Missing Frame in File 1
114530,-9,1,Missing Frame in File 1
114531,-9,1,Missing Frame in File 1
114532,-9,1,Missing Frame in File 1
114533,-9,1,Missing Frame in File 1
114534,-9,1,Missing Frame in File 1
114535,-9,1,Missing Frame in File 1
114536,-9,1,Missing Frame in File 1
114537,-9,1,Missing Frame in File 1
114538,-9,1,Missing Frame in File 1
114539,-9,1,Missing Frame in File 1
114540,-9,1,Missing Frame in File 1
114541,-9,1,Missing Frame in File 1
114542,-9,1,Missing Frame in File 1
114543,-9,1,Missing Frame in File 1
114544,-9,1,Missing Frame in File 1
114545,-9,1,Missing Frame in File 1
114546,-9,1,Missing Frame in File 1
114547,-9,1,Missing Frame in File 1
114548,-9,1,Missing Frame in File 1
114549,-9,1,Missing Frame in File 1
114550,-9,1,Missing Frame in File 1
114551,-9,1,Missing Frame in File 1
114552,-9,1,Missing Frame in File 1
114553,-9,1,Missing Frame in File 1
114554,-9,1,Missing Frame in File 1
114555,-9,1,Missing Frame in File 1
114556,-9,1,Missing Frame in File 1
114557,-9,1,Missing Frame in File 1
114558,-9,1,Missing Frame in File 1
114559,-9,1,Missing Frame in File 1
114560,-9,1,Missing Frame in File 1
114561,-9,1,Missing Frame in File 1
114562,-9,1,Missing Frame in File 1
114563,-9,1,Missing Frame in File 1
114564,-9,1,Missing Frame in File 1
114565,-9,1,Missing Frame in File 1
114566,-9,1,Missing Frame in File 1
114567,-9,1,Missing Frame in File 1
114568,-9,1,Missing Frame in File 1
114569,-9,1,Missing Frame in File 1
114570,-9,1,Missing Frame in File 1
114571,-9,1,Missing Frame in File 1
114572,-9,1,Missing Frame in File 1
114573,-9,1,Missing Frame in File 1
114574,-9,1,Missing Frame in File 1
114575,-9,1,Missing Frame in File 1
114576,-9,1,Missing Frame in File 1
114577,-9,1,Missing Frame in File 1
114578,-9,1,Missing Frame in File 1
114579,-9,1,Missing Frame in File 1
114580,-9,1,Missing Frame in File 1
114581,-9,1,Missing Frame in File 1
114582,-9,1,Missing Frame in File 1
114583,-9,1,Missing Frame in File 1
114584,-9,1,Missing Frame in File 1
114585,-9,1,Missing Frame in File 1
114586,-9,1,Missing Frame in File 1
114587,-9,1,Missing Frame in File 1
114588,-9,1,Missing Frame in File 1
114589,-9,1,Missing Frame in File 1
114590,-9,1,Missing Frame in File 1
114591,-9,1,Missing Frame in File 1
114592,-9,1,Missing Frame in File 1
114593,-9,1,Missing Frame in File 1
114594,-9,1,Missing Frame in File 1
114595,-9,1,Missing Frame in File 1
114596,-9,1,Missing Frame in File 1
114597,-9,1,Missing Frame in File 1
114598,-9,1,Missing Frame in File 1
114599,-9,1,Missing Frame in File 1
114600,-9,1,Missing Frame in File 1
114601,-9,1,Missing Frame in File 1
114602,-9,1,Missing Frame in File 1
114603,0,1,Mismatch
114604,0,1,Mismatch
114605,0,1,Mismatch
114606,0,1,Mismatch
114607,0,1,Mismatch
114608,0,1,Mismatch
114609,0,1,Mismatch
114610,0,1,Mismatch
114611,0,1,Mismatch
114612,0,1,Mismatch
114613,0,1,Mismatch
114614,0,1,Mismatch
114615,0,1,Mismatch
114616,0,1,Mismatch
114617,0,1,Mismatch
114618,0,1,Mismatch
114619,0,1,Mismatch
114620,0,1,Mismatch
114621,0,1,Mismatch
114622,0,1,Mismatch
114623,0,1,Mismatch
114624,0,1,Mismatch
114625,0,1,Mismatch
114626,0,1,Mismatch
114627,0,1,Mismatch
114628,0,1,Mismatch
114629,0,1,Mismatch
114630,0,1,Mismatch
114631,0,1,Mismatch
114632,0,1,Mismatch
114633,0,1,Mismatch
114634,0,1,Mismatch
114635,0,1,Mismatch
114636,0,1,Mismatch
114637,0,1,Mismatch
114638,0,1,Mismatch
114639,0,1,Mismatch
114640,0,1,Mismatch
114641,0,1,Mismatch
114642,0,1,Mismatch
114643,0,1,Mismatch
114644,0,1,Mismatch
114645,0,1,Mismatch
114646,0,1,Mismatch
114647,0,1,Mismatch
114648,0,1,Mismatch
114649,0,1,Mismatch
114650,0,1,Mismatch
114651,0,1,Mismatch
114652,0,1,Mismatch
114653,0,1,Mismatch
114654,0,1,Mismatch
114655,0,1,Mismatch
114656,0,1,Mismatch
114657,0,1,Mismatch
114658,0,1,Mismatch
114659,0,1,Mismatch
114660,0,1,Mismatch
114661,0,1,Mismatch
114662,0,1,Mismatch
114663,0,1,Mismatch
114664,0,1,Mismatch
114665,0,1,Mismatch
114666,0,1,Mismatch
114667,0,1,Mismatch
114668,0,1,Mismatch
114669,0,1,Mismatch
114670,0,1,Mismatch
114671,0,1,Mismatch
114672,0,1,Mismatch
114673,0,1,Mismatch
114674,0,1,Mismatch
114675,0,1,Mismatch
114676,0,1,Mismatch
114677,0,1,Mismatch
114678,0,1,Mismatch
114679,0,1,Mismatch
114680,0,1,Mismatch
114681,0,1,Mismatch
114682,0,1,Mismatch
114683,0,1,Mismatch
114684,0,1,Mismatch
114685,0,1,Mismatch
114686,0,1,Mismatch
114687,0,1,Mismatch
114688,0,1,Mismatch
114689,0,1,Mismatch
114690,0,1,Mismatch
114691,0,1,Mismatch
114692,0,1,Mismatch
114693,0,1,Mismatch
114694,0,1,Mismatch
114695,0,1,Mismatch
114696,0,1,Mismatch
114697,0,1,Mismatch
114698,0,1,Mismatch
114699,0,1,Mismatch
114700,0,1,Mismatch
114701,0,1,Mismatch
114702,0,1,Mismatch
114703,0,1,Mismatch
114704,0,1,Mismatch
114705,0,1,Mismatch
114706,0,1,Mismatch
114707,0,1,Mismatch
114708,0,1,Mismatch
114709,0,1,Mismatch
114710,0,1,Mismatch
114711,0,1,Mismatch
114712,0,1,Mismatch
114713,0,1,Mismatch
114714,0,1,Mismatch
114715,0,1,Mismatch
114716,0,1,Mismatch
114717,0,1,Mismatch
114718,0,1,Mismatch
114719,0,1,Mismatch
114720,0,1,Mismatch
114721,0,1,Mismatch
114722,0,1,Mismatch
114723,0,1,Mismatch
114724,0,1,Mismatch
114725,0,1,Mismatch
114726,0,1,Mismatch
114727,0,1,Mismatch
114728,0,1,Mismatch
114729,0,1,Mismatch
114730,0,1,Mismatch
114731,0,1,Mismatch
114732,0,1,Mismatch
114733,0,1,Mismatch
114734,0,1,Mismatch
114735,0,1,Mismatch
114736,0,1,Mismatch
114737,0,1,Mismatch
114738,0,1,Mismatch
114739,0,1,Mismatch
114740,0,1,Mismatch
114741,0,1,Mismatch
114742,0,1,Mismatch
114743,0,1,Mismatch
114744,0,1,Mismatch
114745,0,1,Mismatch
114746,0,1,Mismatch
114747,0,1,Mismatch
114748,0,1,Mismatch
114749,0,1,Mismatch
114750,0,1,Mismatch
114751,0,1,Mismatch
114752,0,1,Mismatch
114753,0,1,Mismatch
114754,0,1,Mismatch
114755,0,1,Mismatch
114756,0,1,Mismatch
114757,0,1,Mismatch
114758,0,1,Mismatch
114759,0,1,Mismatch
114760,0,1,Mismatch
114761,0,1,Mismatch
114762,0,1,Mismatch
114763,0,1,Mismatch
114764,0,1,Mismatch
114765,2,1,Mismatch
114766,2,1,Mismatch
114767,2,1,Mismatch
114768,2,1,Mismatch
114769,2,1,Mismatch
114770,2,1,Mismatch
114771,2,1,Mismatch
114772,2,1,Mismatch
114773,2,1,Mismatch
114774,2,1,Mismatch
114775,2,1,Mismatch
114776,2,1,Mismatch
114777,2,1,Mismatch
114778,2,1,Mismatch
114779,2,1,Mismatch
114780,2,1,Mismatch
114781,2,1,Mismatch
114782,2,1,Mismatch
114783,2,1,Mismatch
114784,2,1,Mismatch
114785,2,1,Mismatch
114786,2,1,Mismatch
114787,2,1,Mismatch
114788,2,1,Mismatch
114789,2,1,Mismatch
114790,2,1,Mismatch
114791,2,1,Mismatch
114792,2,1,Mismatch
114793,2,1,Mismatch
114794,2,1,Mismatch
114795,2,1,Mismatch
114796,2,1,Mismatch
114797,2,1,Mismatch
114798,2,1,Mismatch
114799,2,1,Mismatch
114800,2,1,Mismatch
114801,2,1,Mismatch
114802,2,1,Mismatch
114803,2,1,Mismatch
114804,2,1,Mismatch
114805,2,1,Mismatch
114806,2,1,Mismatch
114807,2,1,Mismatch
114808,2,1,Mismatch
114809,2,1,Mismatch
114810,0,1,Mismatch
114811,0,1,Mismatch
114812,0,1,Mismatch
114813,0,1,Mismatch
114814,0,1,Mismatch
114815,0,1,Mismatch
114816,0,1,Mismatch
114817,0,1,Mismatch
114818,0,1,Mismatch
114819,0,1,Mismatch
114820,0,1,Mismatch
114821,0,1,Mismatch
114822,0,1,Mismatch
114823,0,1,Mismatch
114824,0,1,Mismatch
114825,0,1,Mismatch
114826,0,1,Mismatch
114827,0,1,Mismatch
114828,0,1,Mismatch
114829,0,1,Mismatch
114830,0,1,Mismatch
114831,0,1,Mismatch
114832,0,1,Mismatch
114833,0,1,Mismatch
114834,0,1,Mismatch
114835,0,1,Mismatch
114836,0,1,Mismatch
114837,0,1,Mismatch
114838,0,1,Mismatch
114839,0,1,Mismatch
114840,0,1,Mismatch
114841,0,1,Mismatch
114842,0,1,Mismatch
114843,0,1,Mismatch
114844,0,1,Mismatch
114845,0,1,Mismatch
114846,0,1,Mismatch
114847,0,1,Mismatch
114848,0,1,Mismatch
114849,0,1,Mismatch
114850,0,1,Mismatch
114851,0,1,Mismatch
114852,0,1,Mismatch
114853,0,1,Mismatch
114854,0,1,Mismatch
114855,0,1,Mismatch
114856,0,1,Mismatch
114857,0,1,Mismatch
114858,0,1,Mismatch
114859,0,1,Mismatch
114860,0,1,Mismatch
114861,0,1,Mismatch
114862,0,1,Mismatch
114863,0,1,Mismatch
114864,0,1,Mismatch
114865,0,1,Mismatch
114866,0,1,Mismatch
114867,0,1,Mismatch
114868,0,1,Mismatch
114869,0,1,Mismatch
114870,0,1,Mismatch
114871,0,1,Mismatch
114872,0,1,Mismatch
114873,0,1,Mismatch
114874,0,1,Mismatch
114875,0,1,Mismatch
114876,0,1,Mismatch
114877,0,1,Mismatch
114878,0,1,Mismatch
114879,0,1,Mismatch
114880,0,1,Mismatch
114881,0,1,Mismatch
114882,0,1,Mismatch
114883,0,1,Mismatch
114884,0,1,Mismatch
114885,0,1,Mismatch
114886,0,1,Mismatch
114887,0,1,Mismatch
114888,0,1,Mismatch
114889,0,1,Mismatch
114890,0,1,Mismatch
114891,0,1,Mismatch
114892,0,1,Mismatch
114893,0,1,Mismatch
114894,0,1,Mismatch
114895,0,1,Mismatch
114896,0,1,Mismatch
114897,0,1,Mismatch
114898,0,1,Mismatch
114899,0,1,Mismatch
114900,0,1,Mismatch
114901,0,1,Mismatch
114902,0,1,Mismatch
114903,0,1,Mismatch
114904,0,1,Mismatch
114905,0,1,Mismatch
114906,0,1,Mismatch
114907,0,1,Mismatch
114908,0,1,Mismatch
114909,0,1,Mismatch
114910,0,1,Mismatch
114911,0,1,Mismatch
114912,0,1,Mismatch
114913,0,1,Mismatch
114914,0,1,Mismatch
114915,0,1,Mismatch
114916,0,1,Mismatch
114917,0,1,Mismatch
114918,0,1,Mismatch
114919,0,1,Mismatch
114920,0,1,Mismatch
114921,0,1,Mismatch
114922,0,1,Mismatch
114923,0,1,Mismatch
114924,0,1,Mismatch
114925,0,1,Mismatch
114926,0,1,Mismatch
114927,0,1,Mismatch
114928,0,1,Mismatch
114929,0,1,Mismatch
114930,0,1,Mismatch
114931,0,1,Mismatch
114932,0,1,Mismatch
114933,0,1,Mismatch
114934,0,1,Mismatch
114935,0,1,Mismatch
114936,0,1,Mismatch
114937,0,1,Mismatch
114938,0,1,Mismatch
114939,0,1,Mismatch
114940,0,1,Mismatch
114941,0,1,Mismatch
114942,0,1,Mismatch
114943,0,1,Mismatch
114944,0,1,Mismatch
114945,0,1,Mismatch
114946,0,1,Mismatch
114947,0,1,Mismatch
114948,0,1,Mismatch
114949,0,1,Mismatch
114950,0,1,Mismatch
114951,0,1,Mismatch
114952,0,1,Mismatch
114953,0,1,Mismatch
114954,0,1,Mismatch
114955,0,1,Mismatch
114956,0,1,Mismatch
114957,0,1,Mismatch
114958,0,1,Mismatch
114959,0,1,Mismatch
114960,0,1,Mismatch
114961,0,1,Mismatch
114962,0,1,Mismatch
114963,0,1,Mismatch
114964,0,1,Mismatch
114965,0,1,Mismatch
114966,0,1,Mismatch
114967,0,1,Mismatch
114968,0,1,Mismatch
114969,0,1,Mismatch
114970,0,1,Mismatch
114971,0,1,Mismatch
114972,0,1,Mismatch
114973,0,1,Mismatch
114974,0,1,Mismatch
114975,0,1,Mismatch
114976,0,1,Mismatch
114977,0,1,Mismatch
114978,0,1,Mismatch
114979,0,1,Mismatch
114980,0,1,Mismatch
114981,0,1,Mismatch
114982,0,1,Mismatch
114983,0,1,Mismatch
114984,0,1,Mismatch
114985,0,1,Mismatch
114986,0,1,Mismatch
114987,0,1,Mismatch
114988,0,1,Mismatch
114989,0,1,Mismatch
114990,0,1,Mismatch
114991,0,1,Mismatch
114992,0,1,Mismatch
114993,0,1,Mismatch
114994,0,1,Mismatch
114995,0,1,Mismatch
114996,0,1,Mismatch
114997,0,1,Mismatch
114998,0,1,Mismatch
114999,0,1,Mismatch
115000,0,1,Mismatch
115001,0,1,Mismatch
115002,0,1,Mismatch
115003,0,1,Mismatch
115004,0,1,Mismatch
115005,0,1,Mismatch
115006,0,1,Mismatch
115007,0,1,Mismatch
115008,0,1,Mismatch
115009,0,1,Mismatch
115010,0,1,Mismatch
115011,0,1,Mismatch
115012,0,1,Mismatch
115013,0,1,Mismatch
115014,0,1,Mismatch
115015,0,1,Mismatch
115016,0,1,Mismatch
115017,0,1,Mismatch
115018,0,1,Mismatch
115019,0,1,Mismatch
115020,0,1,Mismatch
115021,0,1,Mismatch
115022,0,1,Mismatch
115023,0,1,Mismatch
115024,-9,1,Mismatch
115025,-9,1,Mismatch
115026,-9,1,Mismatch
115027,-9,1,Mismatch
115028,-9,1,Mismatch
115029,-9,1,Mismatch
115030,-9,1,Mismatch
115031,-9,1,Mismatch
115032,-9,1,Mismatch
115033,-9,1,Mismatch
115034,-9,1,Mismatch
115035,-9,1,Mismatch
115036,-9,1,Mismatch
115037,-9,1,Mismatch
115038,-9,1,Mismatch
115039,-9,1,Mismatch
115040,-9,1,Mismatch
115041,-9,1,Mismatch
115042,-9,1,Mismatch
115043,-9,1,Mismatch
115044,-9,1,Mismatch
115045,-9,1,Mismatch
115046,-9,1,Mismatch
115047,-9,1,Mismatch
115048,-9,1,Mismatch
115049,-9,1,Mismatch
115050,-9,1,Mismatch
115051,-9,1,Mismatch
115052,-9,1,Mismatch
115053,-9,1,Mismatch
115054,-9,1,Mismatch
115055,-9,1,Mismatch
115056,-9,1,Mismatch
115057,-9,1,Mismatch
115058,-9,1,Mismatch
115059,-9,1,Mismatch
115060,-9,1,Mismatch
115061,-9,1,Mismatch
115062,-9,1,Mismatch
115063,-9,1,Mismatch
115064,-9,1,Mismatch
115065,-9,1,Mismatch
115066,-9,1,Mismatch
115067,-9,1,Mismatch
115068,-9,1,Mismatch
115069,-9,1,Mismatch
115070,-9,1,Mismatch
115071,-9,1,Mismatch
115072,-9,1,Mismatch
115073,-9,1,Mismatch
115074,-9,1,Mismatch
115075,-9,1,Mismatch
115076,-9,1,Mismatch
115077,-9,1,Mismatch
115078,-9,1,Mismatch
115079,-9,1,Mismatch
115080,-9,1,Mismatch
115081,-9,1,Mismatch
115082,-9,1,Mismatch
115083,-9,1,Mismatch
115084,-9,1,Mismatch
115085,-9,1,Mismatch
115086,-9,1,Mismatch
115087,-9,1,Mismatch
115088,-9,1,Mismatch
115089,-9,1,Mismatch
115090,-9,1,Mismatch
115091,-9,1,Mismatch
115092,-9,1,Mismatch
115093,-9,1,Mismatch
115094,-9,1,Mismatch
115095,-9,1,Mismatch
115096,-9,1,Mismatch
115097,-9,1,Mismatch
115098,-9,1,Mismatch
115099,-9,1,Mismatch
115100,-9,1,Mismatch
115101,-9,1,Mismatch
115102,-9,1,Mismatch
115103,-9,1,Mismatch
115104,-9,1,Mismatch
115105,-9,1,Mismatch
115106,-9,1,Mismatch
115107,-9,1,Mismatch
115108,-9,1,Mismatch
115109,-9,1,Mismatch
115110,-9,1,Mismatch
115111,-9,1,Mismatch
115112,-9,1,Mismatch
115113,-9,1,Mismatch
115114,-9,1,Mismatch
115115,-9,1,Mismatch
115116,-9,1,Mismatch
115117,-9,1,Mismatch
115118,-9,1,Mismatch
115119,-9,1,Mismatch
115120,-9,1,Mismatch
115121,-9,1,Mismatch
115122,-9,1,Mismatch
115123,-9,1,Mismatch
115124,-9,1,Mismatch
115125,-9,1,Mismatch
115126,-9,1,Mismatch
115127,-9,1,Mismatch
115128,-9,1,Mismatch
115129,-9,1,Mismatch
115130,-9,1,Mismatch
115131,-9,1,Mismatch
115132,-9,1,Mismatch
115133,-9,1,Mismatch
115134,-9,1,Mismatch
115135,-9,1,Mismatch
115136,-9,1,Mismatch
115137,-9,1,Mismatch
115138,-9,1,Mismatch
115139,-9,1,Mismatch
115140,-9,1,Mismatch
115141,-9,1,Mismatch
115142,-9,1,Mismatch
115143,-9,1,Mismatch
115144,-9,1,Mismatch
115145,-9,1,Mismatch
115146,-9,1,Mismatch
115147,-9,1,Mismatch
115148,-9,1,Mismatch
115149,-9,1,Mismatch
115150,-9,1,Mismatch
115151,-9,1,Mismatch
115152,-9,1,Mismatch
115153,-9,1,Mismatch
115154,-9,1,Mismatch
115155,-9,1,Mismatch
115156,-9,1,Mismatch
115157,-9,1,Mismatch
115158,-9,1,Mismatch
115159,-9,1,Mismatch
115160,-9,1,Mismatch
115161,-9,1,Mismatch
115162,-9,1,Mismatch
115163,-9,1,Mismatch
115164,-9,1,Mismatch
115165,-9,1,Mismatch
115166,-9,1,Mismatch
115167,-9,1,Mismatch
115168,-9,1,Mismatch
115169,-9,1,Mismatch
115170,-9,1,Mismatch
115171,-9,1,Mismatch
115172,-9,1,Mismatch
115173,-9,1,Mismatch
115174,-9,1,Mismatch
115175,-9,1,Mismatch
115176,-9,1,Mismatch
115177,-9,1,Mismatch
115178,-9,1,Mismatch
115179,-9,1,Mismatch
115180,-9,1,Mismatch
115181,-9,1,Mismatch
115182,-9,1,Mismatch
115183,-9,1,Mismatch
115184,-9,1,Mismatch
115185,-9,1,Mismatch
115186,-9,1,Mismatch
115187,-9,1,Mismatch
115188,-9,1,Mismatch
115189,-9,1,Mismatch
115190,-9,1,Mismatch
115191,-9,1,Mismatch
115192,-9,1,Mismatch
115193,-9,1,Mismatch
115194,-9,1,Mismatch
115195,-9,1,Mismatch
115196,-9,1,Mismatch
115197,-9,1,Mismatch
115198,-9,1,Mismatch
115199,-9,1,Mismatch
115200,-9,1,Mismatch
115201,-9,1,Mismatch
115202,-9,1,Mismatch
115203,-9,1,Mismatch
115204,-9,1,Mismatch
115205,-9,1,Mismatch
115206,-9,1,Mismatch
115207,-9,1,Mismatch
115208,-9,1,Mismatch
115209,-9,1,Mismatch
115210,-9,1,Mismatch
115211,-9,1,Mismatch
115212,-9,1,Mismatch
115213,-9,1,Mismatch
115214,-9,1,Mismatch
115215,-9,1,Mismatch
115216,-9,1,Mismatch
115217,-9,1,Mismatch
115218,-9,1,Mismatch
115219,-9,1,Mismatch
115220,-9,1,Mismatch
115221,-9,1,Mismatch
115222,-9,1,Mismatch
115223,-9,1,Mismatch
115224,-9,1,Mismatch
115225,-9,1,Mismatch
115226,-9,1,Mismatch
115227,-9,1,Mismatch
115228,-9,1,Mismatch
115229,-9,1,Mismatch
115230,-9,1,Mismatch
115231,-9,1,Mismatch
115232,-9,1,Mismatch
115233,-9,1,Mismatch
115234,-9,1,Mismatch
115235,-9,1,Mismatch
115236,-9,1,Mismatch
115237,-9,1,Mismatch
115238,-9,1,Mismatch
115239,-9,1,Mismatch
115240,-9,1,Mismatch
115241,-9,1,Mismatch
115242,-9,1,Mismatch
115243,-9,1,Mismatch
115244,-9,1,Mismatch
115245,-9,1,Mismatch
115246,-9,1,Mismatch
115247,-9,1,Mismatch
115248,-9,1,Mismatch
115249,-9,1,Mismatch
115250,-9,1,Mismatch
115251,-9,1,Mismatch
115252,-9,1,Mismatch
115253,-9,1,Mismatch
115254,-9,1,Mismatch
115255,-9,1,Mismatch
115256,-9,1,Mismatch
115257,-9,1,Mismatch
115258,-9,1,Mismatch
115259,-9,1,Mismatch
115260,-9,1,Mismatch
115261,-9,1,Mismatch
115262,-9,1,Mismatch
115263,-9,1,Mismatch
115264,-9,1,Mismatch
115265,-9,1,Mismatch
115266,-9,1,Mismatch
115267,-9,1,Mismatch
115268,-9,1,Mismatch
115269,-9,1,Mismatch
115270,-9,1,Mismatch
115271,-9,1,Mismatch
115272,-9,1,Mismatch
115273,-9,1,Mismatch
115274,-9,1,Mismatch
115275,-9,1,Mismatch
115276,-9,1,Mismatch
115277,-9,1,Mismatch
115278,-9,1,Mismatch
115279,-9,1,Mismatch
115280,-9,1,Mismatch
115281,-9,1,Mismatch
115282,-9,1,Mismatch
115283,-9,1,Mismatch
115284,-9,1,Mismatch
115285,-9,1,Mismatch
115286,-9,1,Mismatch
115287,-9,1,Mismatch
115288,-9,1,Mismatch
115289,-9,1,Mismatch
115290,-9,1,Mismatch
115291,-9,1,Mismatch
115292,-9,1,Mismatch
115293,-9,1,Mismatch
115294,-9,1,Mismatch
115295,-9,1,Mismatch
115296,-9,1,Mismatch
115297,-9,1,Mismatch
115298,-9,1,Mismatch
115299,-9,1,Mismatch
115300,-9,1,Mismatch
115301,-9,1,Mismatch
115302,-9,1,Mismatch
115303,-9,1,Mismatch
115304,-9,1,Mismatch
115305,-9,1,Mismatch
115306,-9,1,Mismatch
115307,-9,1,Mismatch
115308,-9,1,Mismatch
115309,-9,1,Mismatch
115310,-9,1,Mismatch
115311,-9,1,Mismatch
115312,-9,1,Mismatch
115313,-9,1,Mismatch
115314,-9,1,Mismatch
115315,-9,1,Mismatch
115316,-9,1,Mismatch
115317,-9,1,Mismatch
115318,-9,1,Mismatch
115319,-9,1,Mismatch
115320,-9,1,Mismatch
115321,-9,1,Mismatch
115322,-9,1,Mismatch
115323,-9,1,Mismatch
115324,-9,1,Mismatch
115325,-9,1,Mismatch
115326,-9,1,Mismatch
115327,-9,1,Mismatch
115328,-9,1,Mismatch
115329,-9,1,Mismatch
115330,-9,1,Mismatch
115331,-9,1,Mismatch
115332,-9,1,Mismatch
115333,-9,1,Mismatch
115334,-9,1,Mismatch
115335,-9,1,Mismatch
115336,-9,1,Mismatch
115337,-9,1,Mismatch
115338,-9,1,Mismatch
115339,-9,1,Mismatch
115340,-9,1,Mismatch
115341,-9,1,Mismatch
115342,-9,1,Mismatch
115343,-9,1,Mismatch
115344,-9,1,Mismatch
115345,-9,1,Mismatch
115346,-9,1,Mismatch
115347,-9,1,Mismatch
115348,-9,1,Mismatch
115349,-9,1,Mismatch
115350,-9,1,Mismatch
115351,-9,1,Mismatch
115352,-9,1,Mismatch
115353,-9,1,Mismatch
115354,-9,1,Mismatch
115355,-9,1,Mismatch
115356,-9,1,Mismatch
115357,-9,1,Mismatch
115358,-9,1,Mismatch
115359,-9,1,Mismatch
115360,-9,1,Mismatch
115361,-9,1,Mismatch
115362,-9,1,Mismatch
115363,-9,1,Mismatch
115364,-9,1,Mismatch
115365,-9,1,Mismatch
115366,-9,1,Mismatch
115367,-9,1,Mismatch
115368,-9,1,Mismatch
115369,-9,1,Mismatch
115370,-9,1,Mismatch
115371,-9,1,Mismatch
115372,-9,1,Mismatch
115373,-9,1,Mismatch
115374,-9,1,Mismatch
115375,-9,1,Mismatch
115376,-9,1,Mismatch
115377,-9,1,Mismatch
115378,-9,1,Mismatch
115379,-9,1,Mismatch
115380,-9,1,Mismatch
115381,-9,1,Mismatch
115382,-9,1,Mismatch
115383,-9,1,Mismatch
115384,-9,1,Mismatch
115385,-9,1,Mismatch
115386,-9,1,Mismatch
115387,-9,1,Mismatch
115388,-9,1,Mismatch
115389,-9,1,Mismatch
115390,-9,1,Mismatch
115391,-9,1,Mismatch
115392,-9,1,Mismatch
115393,-9,1,Mismatch
115394,-9,1,Mismatch
115395,-9,1,Mismatch
115396,-9,1,Mismatch
115397,-9,1,Mismatch
115398,-9,1,Mismatch
115399,-9,1,Mismatch
115400,-9,1,Mismatch
115401,-9,1,Mismatch
115402,-9,1,Mismatch
115403,-9,1,Mismatch
115404,-9,1,Mismatch
115405,-9,1,Mismatch
115406,-9,1,Mismatch
115407,-9,1,Mismatch
115408,-9,1,Mismatch
115409,-9,1,Mismatch
115410,-9,1,Mismatch
115411,-9,1,Mismatch
115412,-9,1,Mismatch
115413,-9,1,Mismatch
115414,-9,1,Mismatch
115415,-9,1,Mismatch
115416,-9,1,Mismatch
115417,-9,1,Mismatch
115418,-9,1,Mismatch
115419,-9,1,Mismatch
115420,-9,1,Mismatch
115421,-9,1,Mismatch
115422,-9,1,Mismatch
115423,-9,1,Mismatch
115424,-9,1,Mismatch
115425,-9,1,Mismatch
115426,-9,1,Mismatch
115427,-9,1,Mismatch
115428,-9,1,Mismatch
115429,-9,1,Mismatch
115430,-9,1,Mismatch
115431,-9,1,Mismatch
115432,-9,1,Mismatch
115433,-9,1,Mismatch
115434,-9,1,Mismatch
115435,-9,1,Mismatch
115436,-9,1,Mismatch
115437,-9,1,Mismatch
115438,-9,1,Mismatch
115439,-9,1,Mismatch
115440,-9,1,Mismatch
115441,-9,1,Mismatch
115442,-9,1,Mismatch
115443,-9,1,Mismatch
115444,-9,1,Mismatch
115445,-9,1,Mismatch
115446,-9,1,Mismatch
115447,-9,1,Mismatch
115448,-9,1,Mismatch
115449,-9,1,Mismatch
115450,-9,1,Mismatch
115451,-9,1,Mismatch
115452,-9,1,Mismatch
115453,-9,1,Mismatch
115454,-9,1,Mismatch
115455,-9,1,Mismatch
115456,-9,1,Mismatch
115457,-9,1,Mismatch
115458,-9,1,Mismatch
115459,-9,1,Missing Frame in File 1
115460,-9,1,Missing Frame in File 1
115461,-9,1,Missing Frame in File 1
115462,-9,1,Missing Frame in File 1
115463,-9,1,Missing Frame in File 1
115464,-9,1,Missing Frame in File 1
115465,-9,1,Missing Frame in File 1
115466,-9,1,Missing Frame in File 1
115467,-9,1,Missing Frame in File 1
115468,-9,1,Missing Frame in File 1
115469,-9,1,Missing Frame in File 1
115470,-9,1,Missing Frame in File 1
115471,-9,1,Missing Frame in File 1
115472,-9,1,Missing Frame in File 1
115473,-9,1,Missing Frame in File 1
115474,-9,1,Missing Frame in File 1
115475,-9,1,Missing Frame in File 1
115476,-9,1,Missing Frame in File 1
115477,-9,1,Missing Frame in File 1
115478,-9,1,Missing Frame in File 1
115479,-9,1,Missing Frame in File 1
115480,-9,1,Missing Frame in File 1
115481,-9,1,Missing Frame in File 1
115482,-9,1,Missing Frame in File 1
115483,-9,1,Missing Frame in File 1
115484,-9,1,Missing Frame in File 1
115485,-9,1,Missing Frame in File 1
115486,-9,1,Missing Frame in File 1
115487,-9,1,Missing Frame in File 1
115488,-9,1,Missing Frame in File 1
115489,-9,1,Missing Frame in File 1
115490,-9,1,Missing Frame in File 1
115491,-9,1,Missing Frame in File 1
115492,-9,1,Missing Frame in File 1
115493,-9,1,Missing Frame in File 1
115494,-9,1,Missing Frame in File 1
115495,-9,1,Missing Frame in File 1
115496,-9,1,Missing Frame in File 1
115497,-9,1,Missing Frame in File 1
115498,-9,1,Missing Frame in File 1
115499,-9,1,Missing Frame in File 1
115500,-9,1,Missing Frame in File 1
115501,-9,1,Missing Frame in File 1
115502,-9,1,Missing Frame in File 1
115503,-9,1,Missing Frame in File 1
115504,-9,1,Missing Frame in File 1
115505,-9,1,Missing Frame in File 1
115506,-9,1,Missing Frame in File 1
115507,-9,1,Missing Frame in File 1
115508,-9,1,Missing Frame in File 1
115509,-9,1,Missing Frame in File 1
115510,-9,1,Missing Frame in File 1
115511,-9,1,Missing Frame in File 1
115512,-9,1,Missing Frame in File 1
115513,-9,1,Missing Frame in File 1
115514,-9,1,Missing Frame in File 1
115515,-9,1,Missing Frame in File 1
115516,-9,1,Missing Frame in File 1
115517,-9,1,Missing Frame in File 1
115518,-9,1,Missing Frame in File 1
115519,-9,1,Missing Frame in File 1
115520,-9,1,Missing Frame in File 1
115521,-9,1,Missing Frame in File 1
115522,-9,1,Missing Frame in File 1
115523,-9,1,Missing Frame in File 1
115524,-9,1,Missing Frame in File 1
115525,-9,1,Missing Frame in File 1
115526,-9,1,Missing Frame in File 1
115527,-9,1,Missing Frame in File 1
115528,-9,1,Missing Frame in File 1
115529,-9,1,Missing Frame in File 1
115530,-9,1,Missing Frame in File 1
115531,-9,1,Missing Frame in File 1
115532,-9,1,Missing Frame in File 1
115533,-9,1,Missing Frame in File 1
115534,-9,1,Missing Frame in File 1
115535,-9,1,Missing Frame in File 1
115536,-9,1,Missing Frame in File 1
115537,-9,1,Missing Frame in File 1
115538,-9,1,Missing Frame in File 1
115539,-9,1,Missing Frame in File 1
115540,-9,1,Missing Frame in File 1
115541,-9,1,Missing Frame in File 1
115542,-9,1,Missing Frame in File 1
115543,-9,1,Missing Frame in File 1
115544,-9,1,Missing Frame in File 1
115545,-9,1,Missing Frame in File 1
115546,-9,1,Missing Frame in File 1
115547,-9,1,Missing Frame in File 1
115548,-9,1,Missing Frame in File 1
115549,-9,1,Missing Frame in File 1
115550,-9,1,Missing Frame in File 1
115551,-9,1,Missing Frame in File 1
115552,-9,1,Missing Frame in File 1
115553,-9,1,Missing Frame in File 1
115554,-9,1,Missing Frame in File 1
115555,-9,1,Missing Frame in File 1
115556,-9,1,Missing Frame in File 1
115557,-9,1,Missing Frame in File 1
115558,-9,1,Missing Frame in File 1
115559,-9,1,Missing Frame in File 1
115560,-9,1,Missing Frame in File 1
115561,-9,1,Missing Frame in File 1
115562,-9,1,Missing Frame in File 1
115563,-9,1,Missing Frame in File 1
115564,-9,1,Missing Frame in File 1
115565,-9,1,Missing Frame in File 1
115566,-9,1,Missing Frame in File 1
115567,-9,1,Missing Frame in File 1
115568,-9,1,Missing Frame in File 1
115569,-9,1,Missing Frame in File 1
115570,-9,1,Missing Frame in File 1
115571,-9,1,Missing Frame in File 1
115572,-9,1,Missing Frame in File 1
115573,-9,1,Missing Frame in File 1
115574,-9,1,Missing Frame in File 1
115575,-9,1,Missing Frame in File 1
115576,-9,1,Missing Frame in File 1
115577,-9,1,Missing Frame in File 1
115578,-9,1,Missing Frame in File 1
115579,-9,1,Missing Frame in File 1
115580,-9,1,Missing Frame in File 1
115581,-9,1,Missing Frame in File 1
115582,-9,1,Missing Frame in File 1
115583,-9,1,Missing Frame in File 1
115584,-9,1,Missing Frame in File 1
115585,-9,1,Missing Frame in File 1
115586,-9,1,Missing Frame in File 1
115587,-9,1,Missing Frame in File 1
115588,-9,1,Missing Frame in File 1
115589,-9,1,Missing Frame in File 1
115590,-9,1,Mismatch
115591,-9,1,Mismatch
115592,-9,1,Mismatch
115593,-9,2,Mismatch
115594,-9,2,Mismatch
115595,-9,2,Mismatch
115596,-9,2,Mismatch
115597,-9,2,Mismatch
115598,-9,2,Mismatch
115599,-9,2,Mismatch
115600,-9,2,Mismatch
115601,-9,2,Mismatch
115602,-9,2,Mismatch
115603,-9,2,Mismatch
115604,-9,2,Mismatch
115605,-9,2,Mismatch
115606,-9,2,Mismatch
115607,-9,2,Mismatch
115608,-9,2,Mismatch
115609,-9,2,Mismatch
115610,-9,2,Mismatch
115611,-9,2,Mismatch
115612,-9,2,Mismatch
115613,-9,2,Mismatch
115614,-9,2,Mismatch
115615,-9,2,Mismatch
115616,-9,2,Mismatch
115617,-9,2,Mismatch
115618,-9,2,Mismatch
115619,-9,2,Mismatch
115620,-9,2,Mismatch
115621,-9,2,Mismatch
115622,-9,2,Mismatch
115623,-9,2,Mismatch
115624,-9,2,Mismatch
115625,-9,2,Mismatch
115626,-9,2,Mismatch
115627,-9,2,Mismatch
115628,-9,2,Mismatch
115629,-9,2,Mismatch
115630,-9,2,Mismatch
115631,-9,2,Mismatch
115632,-9,2,Mismatch
115633,-9,2,Mismatch
115634,-9,2,Mismatch
115635,-9,2,Mismatch
115636,-9,2,Mismatch
115637,-9,2,Mismatch
115638,-9,2,Mismatch
115639,-9,2,Mismatch
115640,-9,2,Mismatch
115641,-9,2,Mismatch
115642,-9,2,Mismatch
115643,-9,2,Mismatch
115644,-9,2,Mismatch
115645,-9,2,Mismatch
115646,-9,2,Mismatch
115647,-9,2,Mismatch
115648,-9,2,Mismatch
115649,-9,2,Mismatch
115650,-9,2,Mismatch
115651,-9,2,Mismatch
115652,-9,2,Mismatch
115653,-9,2,Mismatch
115654,-9,2,Mismatch
115655,-9,2,Mismatch
115656,-9,2,Mismatch
115657,-9,2,Mismatch
115658,-9,2,Mismatch
115659,-9,2,Mismatch
115660,-9,2,Mismatch
115661,-9,2,Mismatch
115662,-9,2,Mismatch
115663,-9,2,Mismatch
115664,-9,2,Mismatch
115665,-9,2,Mismatch
115666,-9,2,Mismatch
115667,-9,2,Mismatch
115668,-9,2,Mismatch
115669,-9,2,Mismatch
115670,-9,2,Mismatch
115671,-9,2,Mismatch
115672,-9,2,Mismatch
115673,-9,2,Mismatch
115674,-9,2,Mismatch
115675,-9,2,Mismatch
115676,-9,2,Mismatch
115677,-9,2,Mismatch
115678,-9,2,Mismatch
115679,-9,2,Mismatch
115680,-9,2,Mismatch
115681,-9,2,Mismatch
115682,-9,2,Mismatch
115683,-9,2,Mismatch
115684,-9,2,Mismatch
115685,-9,2,Mismatch
115686,-9,2,Mismatch
115687,-9,2,Mismatch
115688,-9,2,Mismatch
115689,-9,2,Mismatch
115690,-9,2,Mismatch
115691,-9,2,Mismatch
115692,-9,2,Mismatch
115693,-9,2,Mismatch
115694,-9,2,Mismatch
115695,-9,2,Mismatch
115696,-9,2,Mismatch
115697,-9,2,Mismatch
115698,-9,2,Mismatch
115699,-9,2,Mismatch
115700,-9,2,Mismatch
115703,-9,1,Mismatch
115704,-9,1,Mismatch
115705,-9,1,Mismatch
115706,-9,1,Mismatch
115707,-9,1,Mismatch
115708,-9,1,Mismatch
115709,-9,1,Mismatch
115710,-9,1,Mismatch
115711,-9,1,Mismatch
115712,-9,1,Mismatch
115713,-9,1,Mismatch
115714,-9,1,Mismatch
115715,-9,1,Mismatch
115716,-9,1,Mismatch
115717,-9,1,Mismatch
115718,-9,1,Mismatch
115719,-9,1,Mismatch
115720,-9,1,Mismatch
115721,-9,1,Mismatch
115722,-9,1,Mismatch
115723,-9,1,Mismatch
115724,-9,1,Mismatch
115725,-9,1,Mismatch
115726,-9,1,Mismatch
115727,-9,1,Mismatch
115728,-9,1,Mismatch
115729,-9,1,Mismatch
115730,-9,1,Mismatch
115731,-9,1,Mismatch
115732,-9,1,Mismatch
115733,-9,1,Mismatch
115734,-9,1,Mismatch
115735,-9,1,Mismatch
115736,-9,1,Mismatch
115737,-9,1,Mismatch
115738,-9,1,Mismatch
115739,-9,1,Mismatch
115740,-9,1,Mismatch
115741,-9,1,Mismatch
115742,-9,1,Mismatch
115743,-9,1,Mismatch
115744,-9,1,Mismatch
115745,-9,1,Mismatch
115746,-9,1,Mismatch
115747,-9,1,Mismatch
115748,-9,1,Mismatch
115749,-9,1,Mismatch
115750,-9,1,Mismatch
115751,-9,1,Mismatch
115752,-9,1,Mismatch
115753,-9,1,Mismatch
115754,-9,1,Mismatch
115755,-9,1,Mismatch
115756,-9,1,Mismatch
115757,-9,1,Mismatch
115758,-9,1,Mismatch
115759,-9,1,Mismatch
115760,-9,1,Mismatch
115761,-9,1,Mismatch
115762,-9,1,Mismatch
115763,-9,1,Mismatch
115764,-9,1,Mismatch
115765,-9,1,Mismatch
115766,-9,1,Mismatch
115767,-9,1,Mismatch
115768,-9,1,Mismatch
115769,-9,1,Mismatch
115770,-9,1,Mismatch
115771,-9,1,Mismatch
115772,-9,1,Mismatch
115773,-9,1,Mismatch
115774,-9,1,Mismatch
115775,-9,1,Mismatch
115776,-9,1,Mismatch
115777,-9,1,Mismatch
115778,-9,1,Mismatch
115779,-9,1,Mismatch
115780,-9,1,Mismatch
115781,-9,1,Mismatch
115782,-9,1,Mismatch
115783,-9,1,Mismatch
115784,-9,1,Mismatch
115785,-9,1,Mismatch
115786,-9,1,Mismatch
115787,-9,1,Mismatch
115788,-9,1,Mismatch
115789,-9,1,Mismatch
115790,-9,1,Mismatch
115791,-9,1,Mismatch
115792,-9,1,Mismatch
115793,-9,1,Mismatch
115794,-9,1,Mismatch
115795,-9,1,Mismatch
115796,-9,1,Mismatch
115797,-9,1,Mismatch
115798,-9,1,Mismatch
115799,-9,1,Mismatch
115800,-9,1,Mismatch
115801,-9,1,Mismatch
115802,-9,1,Mismatch
115803,-9,1,Mismatch
115804,-9,1,Mismatch
115805,-9,1,Mismatch
115806,-9,1,Mismatch
115807,-9,1,Mismatch
115808,-9,1,Mismatch
115809,-9,1,Mismatch
115810,-9,1,Mismatch
115811,-9,1,Mismatch
115812,-9,1,Mismatch
115813,-9,1,Mismatch
115814,-9,1,Mismatch
115815,-9,1,Mismatch
115816,-9,1,Mismatch
115817,-9,1,Mismatch
115818,-9,1,Mismatch
115819,-9,1,Mismatch
115820,-9,1,Mismatch
115821,-9,1,Mismatch
115822,-9,1,Mismatch
115823,-9,1,Mismatch
115824,-9,1,Mismatch
115825,-9,1,Mismatch
115826,-9,1,Mismatch
115827,-9,2,Mismatch
115828,-9,2,Mismatch
115829,-9,2,Mismatch
115830,-9,2,Mismatch
115831,-9,2,Mismatch
115832,-9,2,Mismatch
115833,-9,2,Mismatch
115834,-9,2,Mismatch
115835,-9,2,Mismatch
115836,-9,2,Mismatch
115837,-9,2,Mismatch
115838,-9,2,Mismatch
115839,-9,2,Mismatch
115840,-9,2,Mismatch
115841,-9,2,Mismatch
115842,-9,2,Mismatch
115843,-9,2,Mismatch
115844,-9,2,Mismatch
115845,-9,2,Mismatch
115846,-9,2,Mismatch
115847,-9,2,Mismatch
115848,-9,2,Mismatch
115849,-9,2,Mismatch
115850,-9,2,Mismatch
115851,-9,2,Mismatch
115852,-9,2,Mismatch
115853,-9,2,Mismatch
115854,-9,2,Mismatch
115855,-9,2,Mismatch
115856,-9,2,Mismatch
115857,-9,2,Mismatch
115858,-9,2,Mismatch
115859,-9,2,Mismatch
115860,-9,2,Mismatch
115991,0,2,Mismatch
115992,0,2,Mismatch
115993,0,2,Mismatch
115994,0,2,Mismatch
115995,0,2,Mismatch
115996,0,2,Mismatch
115997,0,2,Mismatch
115998,0,2,Mismatch
115999,0,2,Mismatch
116000,0,2,Mismatch
116001,0,2,Mismatch
116002,0,2,Mismatch
116003,0,2,Mismatch
116004,0,2,Mismatch
116005,0,2,Mismatch
116006,0,2,Mismatch
116007,0,2,Mismatch
116008,0,2,Mismatch
116009,0,2,Mismatch
116010,0,2,Mismatch
116011,0,2,Mismatch
116012,0,2,Mismatch
116013,0,2,Mismatch
116014,0,2,Mismatch
116015,0,2,Mismatch
116016,0,2,Mismatch
116017,0,2,Mismatch
116018,0,2,Mismatch
116019,0,2,Mismatch
116020,0,2,Mismatch
116021,0,2,Mismatch
116022,0,2,Mismatch
116023,0,2,Mismatch
116024,0,2,Mismatch
116025,0,2,Mismatch
116026,0,2,Mismatch
116027,0,2,Mismatch
116028,0,2,Mismatch
116029,0,2,Mismatch
116030,0,2,Mismatch
116031,0,2,Mismatch
116032,0,2,Mismatch
116033,0,2,Mismatch
116034,0,2,Mismatch
116035,0,2,Mismatch
116036,0,2,Mismatch
116037,0,2,Mismatch
116038,0,2,Mismatch
116039,0,2,Mismatch
116040,0,2,Mismatch
116041,0,2,Mismatch
116042,0,1,Mismatch
116043,0,1,Mismatch
116044,0,1,Mismatch
116045,0,1,Mismatch
116046,0,1,Mismatch
116047,0,1,Mismatch
116048,0,1,Mismatch
116049,0,1,Mismatch
116050,0,1,Mismatch
116051,0,1,Mismatch
116052,0,1,Mismatch
116053,0,1,Mismatch
116054,0,1,Mismatch
116055,0,1,Mismatch
116056,0,1,Mismatch
116057,0,1,Mismatch
116058,0,1,Mismatch
116059,0,1,Mismatch
116060,0,1,Mismatch
116061,0,1,Mismatch
116062,0,1,Mismatch
116063,0,1,Mismatch
116064,0,1,Mismatch
116065,0,1,Mismatch
116066,0,1,Mismatch
116067,0,1,Mismatch
116068,0,1,Mismatch
116069,0,1,Mismatch
116070,0,1,Mismatch
116071,0,1,Mismatch
116072,0,1,Mismatch
116073,0,1,Mismatch
116074,0,1,Mismatch
116075,0,1,Mismatch
116076,0,1,Mismatch
116077,0,1,Mismatch
116078,0,1,Mismatch
116079,0,1,Mismatch
116080,0,1,Mismatch
116081,0,1,Mismatch
116082,0,1,Mismatch
116083,0,1,Mismatch
116084,0,1,Mismatch
116085,0,1,Mismatch
116086,0,1,Mismatch
116087,0,1,Mismatch
116088,0,1,Mismatch
116089,0,1,Mismatch
116090,0,1,Mismatch
116091,0,1,Mismatch
116092,0,1,Mismatch
116093,0,1,Mismatch
116094,0,1,Mismatch
116095,0,1,Mismatch
116096,0,1,Mismatch
116097,0,1,Mismatch
116098,0,1,Mismatch
116099,0,1,Mismatch
116100,0,1,Mismatch
116101,0,1,Mismatch
116102,0,1,Mismatch
116103,0,1,Mismatch
116104,0,1,Mismatch
116105,0,1,Mismatch
116106,0,1,Mismatch
116107,0,1,Mismatch
116108,0,1,Mismatch
116109,0,1,Mismatch
116110,0,1,Mismatch
116111,0,1,Mismatch
116112,0,1,Mismatch
116113,0,1,Mismatch
116114,0,1,Mismatch
116115,0,1,Mismatch
116116,0,1,Mismatch
116117,0,1,Mismatch
116118,0,1,Mismatch
116119,0,1,Mismatch
116120,0,1,Mismatch
116121,0,1,Mismatch
116122,0,1,Mismatch
116123,0,1,Mismatch
116124,0,1,Mismatch
116125,0,1,Mismatch
116126,0,1,Mismatch
116127,0,1,Mismatch
116128,0,1,Mismatch
116129,0,1,Mismatch
116130,0,1,Mismatch
116131,0,1,Mismatch
116132,0,1,Mismatch
116133,0,1,Mismatch
116134,0,1,Mismatch
116135,0,1,Mismatch
116136,0,1,Mismatch
116137,0,1,Mismatch
116138,0,1,Mismatch
116139,0,1,Mismatch
116140,0,1,Mismatch
116141,0,1,Mismatch
116142,0,1,Mismatch
116143,0,1,Mismatch
116144,0,1,Mismatch
116145,0,1,Mismatch
116146,0,1,Mismatch
116147,0,1,Mismatch
116148,0,1,Mismatch
116149,0,1,Mismatch
116150,0,1,Mismatch
116151,0,1,Mismatch
116152,0,1,Mismatch
116153,0,1,Mismatch
116154,0,1,Mismatch
116155,0,1,Mismatch
116156,0,1,Mismatch
116157,0,1,Mismatch
116158,0,1,Mismatch
116159,0,1,Mismatch
116160,0,1,Mismatch
116161,0,1,Mismatch
116162,0,1,Mismatch
116163,0,1,Mismatch
116164,0,1,Mismatch
116165,0,1,Mismatch
116166,0,1,Mismatch
116167,0,1,Mismatch
116168,0,1,Mismatch
116169,0,1,Mismatch
116170,0,1,Mismatch
116171,0,1,Mismatch
116172,0,1,Mismatch
116173,0,1,Mismatch
116174,0,1,Mismatch
116175,0,1,Mismatch
116176,0,1,Mismatch
116177,0,1,Mismatch
116178,0,1,Mismatch
116179,0,1,Mismatch
116180,0,1,Mismatch
116181,0,1,Mismatch
116182,0,1,Mismatch
116183,0,1,Mismatch
116184,0,1,Mismatch
116185,0,1,Mismatch
116186,0,1,Mismatch
116187,0,1,Mismatch
116188,0,1,Mismatch
116189,0,1,Mismatch
116190,0,1,Mismatch
116191,0,1,Mismatch
116192,0,1,Mismatch
116193,0,1,Mismatch
116194,0,1,Mismatch
116195,0,1,Mismatch
116196,0,1,Mismatch
116197,0,1,Mismatch
116198,0,1,Mismatch
116199,0,1,Mismatch
116200,0,1,Mismatch
116201,0,1,Mismatch
116202,0,1,Mismatch
116203,0,1,Mismatch
116204,0,1,Mismatch
116205,0,1,Mismatch
116206,0,1,Mismatch
116207,0,1,Mismatch
116208,0,1,Mismatch
116209,0,1,Mismatch
116210,0,1,Mismatch
116211,0,1,Mismatch
116212,0,1,Mismatch
116213,0,1,Mismatch
116214,0,1,Mismatch
116215,0,1,Mismatch
116216,0,1,Mismatch
116217,0,1,Mismatch
116218,0,1,Mismatch
116219,0,1,Mismatch
116220,0,1,Mismatch
116221,0,1,Mismatch
116222,0,1,Mismatch
116223,0,1,Mismatch
116224,0,1,Mismatch
116225,0,1,Mismatch
116226,0,1,Mismatch
116227,0,1,Mismatch
116228,0,1,Mismatch
116229,0,1,Mismatch
116230,0,1,Mismatch
116231,0,1,Mismatch
116232,0,1,Mismatch
116233,0,1,Mismatch
116234,0,1,Mismatch
116235,0,1,Mismatch
116236,0,1,Mismatch
116237,0,1,Mismatch
116238,0,1,Mismatch
116239,0,1,Mismatch
116240,0,1,Mismatch
116241,0,1,Mismatch
116242,0,1,Mismatch
116243,0,1,Mismatch
116244,0,1,Mismatch
116245,0,1,Mismatch
116246,0,1,Mismatch
116247,0,1,Mismatch
116248,0,1,Mismatch
116249,0,1,Mismatch
116250,0,1,Mismatch
116251,0,1,Mismatch
116252,0,1,Mismatch
116253,0,1,Mismatch
116254,0,1,Mismatch
116255,0,1,Mismatch
116256,0,1,Mismatch
116257,0,1,Mismatch
116258,4,1,Mismatch
116259,4,1,Mismatch
116260,4,1,Mismatch
116261,4,1,Mismatch
116262,4,1,Mismatch
116263,4,1,Mismatch
116264,4,1,Mismatch
116265,4,1,Mismatch
116266,4,1,Mismatch
116267,4,1,Mismatch
116268,4,1,Mismatch
116269,4,1,Mismatch
116270,4,1,Mismatch
116271,4,1,Mismatch
116272,4,1,Mismatch
116273,4,1,Mismatch
116274,4,1,Mismatch
116275,4,1,Mismatch
116276,4,1,Mismatch
116277,4,1,Mismatch
116278,4,1,Mismatch
116279,4,1,Mismatch
116280,4,1,Mismatch
116281,4,1,Mismatch
116282,4,1,Mismatch
116283,4,1,Mismatch
116284,4,1,Mismatch
116285,4,1,Mismatch
116286,4,1,Mismatch
116287,4,1,Mismatch
116288,4,1,Mismatch
116289,4,1,Mismatch
116290,4,1,Mismatch
116291,4,1,Mismatch
116292,4,1,Mismatch
116293,4,1,Mismatch
116294,4,1,Mismatch
116295,4,1,Mismatch
116296,4,1,Mismatch
116322,2,1,Mismatch
116323,2,1,Mismatch
116324,2,1,Mismatch
116325,2,1,Mismatch
116326,2,1,Mismatch
116327,2,1,Mismatch
116328,2,1,Mismatch
116329,2,1,Mismatch
116330,2,1,Mismatch
116331,2,1,Mismatch
116332,2,1,Mismatch
116333,2,1,Mismatch
116334,2,1,Mismatch
116335,2,1,Mismatch
116336,2,1,Mismatch
116337,2,1,Mismatch
116338,2,1,Mismatch
116339,2,1,Mismatch
116340,2,1,Mismatch
116341,2,1,Mismatch
116342,2,1,Mismatch
116343,2,1,Mismatch
116344,2,1,Mismatch
116345,2,1,Mismatch
116346,2,1,Mismatch
116347,2,1,Mismatch
116348,2,1,Mismatch
116349,2,1,Mismatch
116350,2,1,Mismatch
116351,2,1,Mismatch
116352,2,1,Mismatch
116353,2,1,Mismatch
116354,2,1,Mismatch
116355,2,1,Mismatch
116356,2,1,Mismatch
116357,2,1,Mismatch
116358,2,1,Mismatch
116359,2,1,Mismatch
116360,2,1,Mismatch
116361,2,1,Mismatch
116362,2,1,Mismatch
116363,2,1,Mismatch
116364,2,1,Mismatch
116365,2,1,Mismatch
116366,2,1,Mismatch
116367,2,1,Mismatch
116368,2,1,Mismatch
116369,2,1,Mismatch
116370,2,1,Mismatch
116470,2,1,Mismatch
116471,2,1,Mismatch
116472,2,1,Mismatch
116473,2,1,Mismatch
116474,2,1,Mismatch
116475,2,1,Mismatch
116476,2,1,Mismatch
116477,2,1,Mismatch
116478,2,1,Mismatch
116479,2,1,Mismatch
116480,2,1,Mismatch
116481,2,1,Mismatch
116482,2,1,Mismatch
116483,2,1,Mismatch
116484,2,1,Mismatch
116485,2,1,Mismatch
116486,2,1,Mismatch
116487,2,1,Mismatch
116488,2,1,Mismatch
116489,2,1,Mismatch
116490,2,1,Mismatch
116491,2,1,Mismatch
116492,2,1,Mismatch
116493,2,1,Mismatch
116494,2,1,Mismatch
116495,2,1,Mismatch
116496,2,1,Mismatch
116497,2,1,Mismatch
116498,2,1,Mismatch
116499,2,1,Mismatch
116500,2,1,Mismatch
116501,2,1,Mismatch
116502,2,1,Mismatch
116503,2,1,Mismatch
116504,2,1,Mismatch
116505,2,1,Mismatch
116506,2,1,Mismatch
116507,2,1,Mismatch
116508,2,1,Mismatch
116509,2,1,Mismatch
116510,2,1,Mismatch
116511,2,1,Mismatch
116512,2,1,Mismatch
116513,2,1,Mismatch
116514,2,1,Mismatch
116515,2,1,Mismatch
116516,2,1,Mismatch
116537,1,2,Mismatch
116538,1,2,Mismatch
116539,1,2,Mismatch
116540,-9,2,Mismatch
116541,-9,2,Mismatch
116542,-9,2,Missing Frame in File 1
116543,-9,2,Missing Frame in File 1
116544,-9,2,Missing Frame in File 1
116545,-9,2,Missing Frame in File 1
116546,-9,2,Missing Frame in File 1
116547,-9,2,Missing Frame in File 1
116548,-9,2,Missing Frame in File 1
116549,-9,2,Missing Frame in File 1
116550,-9,2,Missing Frame in File 1
116551,-9,2,Missing Frame in File 1
116552,-9,2,Missing Frame in File 1
116553,-9,2,Missing Frame in File 1
116554,-9,2,Missing Frame in File 1
116555,-9,2,Missing Frame in File 1
116556,-9,2,Missing Frame in File 1
116557,-9,2,Missing Frame in File 1
116558,-9,2,Missing Frame in File 1
116559,-9,2,Missing Frame in File 1
116560,-9,2,Missing Frame in File 1
116561,-9,2,Missing Frame in File 1
116562,-9,2,Missing Frame in File 1
116563,-9,2,Missing Frame in File 1
116564,-9,2,Missing Frame in File 1
116565,-9,2,Missing Frame in File 1
116566,-9,2,Missing Frame in File 1
116567,-9,2,Missing Frame in File 1
116568,-9,2,Missing Frame in File 1
116569,-9,2,Missing Frame in File 1
116570,-9,2,Missing Frame in File 1
116571,-9,2,Missing Frame in File 1
116572,-9,2,Missing Frame in File 1
116573,-9,2,Missing Frame in File 1
116574,-9,2,Missing Frame in File 1
116575,-9,2,Missing Frame in File 1
116576,-9,2,Missing Frame in File 1
116577,-9,2,Missing Frame in File 1
116578,-9,2,Missing Frame in File 1
116579,-9,2,Missing Frame in File 1
116580,-9,2,Missing Frame in File 1
116581,-9,2,Missing Frame in File 1
116582,-9,2,Missing Frame in File 1
116583,-9,2,Missing Frame in File 1
116584,-9,2,Missing Frame in File 1
116585,-9,2,Missing Frame in File 1
116586,-9,2,Missing Frame in File 1
116587,-9,2,Missing Frame in File 1
116588,-9,2,Missing Frame in File 1
116589,-9,2,Missing Frame in File 1
116590,-9,-9,Missing Frame in File 1
116591,-9,-9,Missing Frame in File 1
116592,-9,0,Missing Frame in File 1
116593,-9,0,Missing Frame in File 1
116594,-9,0,Missing Frame in File 1
116595,-9,0,Missing Frame in File 1
116596,-9,0,Missing Frame in File 1
116597,-9,0,Missing Frame in File 1
116598,-9,0,Missing Frame in File 1
116599,-9,0,Missing Frame in File 1
116600,-9,0,Missing Frame in File 1
116601,-9,0,Missing Frame in File 1
116602,-9,0,Missing Frame in File 1
116603,-9,0,Missing Frame in File 1
116604,-9,0,Missing Frame in File 1
116605,-9,0,Missing Frame in File 1
116606,-9,0,Missing Frame in File 1
116607,-9,0,Missing Frame in File 1
116608,-9,0,Missing Frame in File 1
116609,-9,0,Missing Frame in File 1
116610,-9,0,Missing Frame in File 1
116611,-9,0,Missing Frame in File 1
116612,-9,0,Missing Frame in File 1
116613,-9,0,Missing Frame in File 1
116614,-9,0,Missing Frame in File 1
116615,-9,0,Missing Frame in File 1
116616,-9,0,Missing Frame in File 1
116617,-9,0,Missing Frame in File 1
116618,-9,0,Missing Frame in File 1
116619,-9,0,Missing Frame in File 1
116620,-9,0,Missing Frame in File 1
116621,-9,0,Missing Frame in File 1
116622,-9,0,Missing Frame in File 1
116623,-9,0,Missing Frame in File 1
116624,-9,0,Missing Frame in File 1
116625,-9,0,Missing Frame in File 1
116626,-9,0,Missing Frame in File 1
116627,-9,0,Missing Frame in File 1
116628,-9,0,Missing Frame in File 1
116629,-9,0,Missing Frame in File 1
116630,-9,0,Missing Frame in File 1
116631,-9,0,Missing Frame in File 1
116632,-9,0,Missing Frame in File 1
116633,-9,0,Missing Frame in File 1
116634,-9,0,Missing Frame in File 1
116635,-9,0,Missing Frame in File 1
116636,-9,0,Missing Frame in File 1
116637,-9,0,Missing Frame in File 1
116638,-9,0,Missing Frame in File 1
116639,-9,0,Missing Frame in File 1
116640,-9,0,Missing Frame in File 1
116641,-9,0,Missing Frame in File 1
116642,-9,0,Missing Frame in File 1
116643,-9,0,Missing Frame in File 1
116644,-9,0,Missing Frame in File 1
116645,-9,0,Missing Frame in File 1
116646,-9,0,Missing Frame in File 1
116647,-9,0,Missing Frame in File 1
116648,-9,0,Missing Frame in File 1
116649,-9,0,Missing Frame in File 1
116650,-9,0,Missing Frame in File 1
116651,-9,0,Missing Frame in File 1
116652,-9,0,Missing Frame in File 1
116653,-9,0,Missing Frame in File 1
116654,-9,0,Missing Frame in File 1
116655,-9,0,Missing Frame in File 1
116656,-9,0,Missing Frame in File 1
116657,-9,0,Missing Frame in File 1
116658,-9,0,Missing Frame in File 1
116659,-9,0,Missing Frame in File 1
116660,-9,0,Missing Frame in File 1
116661,-9,0,Missing Frame in File 1
116662,-9,0,Missing Frame in File 1
116663,-9,0,Missing Frame in File 1
116664,-9,0,Missing Frame in File 1
116665,-9,0,Missing Frame in File 1
116666,-9,0,Missing Frame in File 1
116667,-9,0,Missing Frame in File 1
116668,-9,0,Missing Frame in File 1
116669,-9,0,Missing Frame in File 1
116670,-9,0,Missing Frame in File 1
116671,-9,0,Missing Frame in File 1
116672,-9,0,Missing Frame in File 1
116673,-9,0,Missing Frame in File 1
116674,-9,0,Missing Frame in File 1
116675,-9,0,Missing Frame in File 1
116910,1,0,Mismatch
116911,1,0,Mismatch
116912,1,0,Mismatch
116913,1,0,Mismatch
116914,1,0,Mismatch
116915,1,0,Mismatch
116916,1,0,Mismatch
116917,1,0,Mismatch
116918,1,0,Mismatch
116919,1,0,Mismatch
116920,1,0,Mismatch
116921,1,0,Mismatch
116922,1,0,Mismatch
116923,1,0,Mismatch
116924,1,0,Mismatch
116925,1,0,Mismatch
116926,1,0,Mismatch
116927,1,0,Mismatch
116928,1,0,Mismatch
116929,1,0,Mismatch
116930,1,0,Mismatch
116931,1,0,Mismatch
116932,1,0,Mismatch
117203,2,0,Mismatch
117204,2,0,Mismatch
117205,2,0,Mismatch
117206,2,0,Mismatch
117207,2,0,Mismatch
117208,2,0,Mismatch
117209,2,0,Mismatch
117210,2,0,Mismatch
117211,2,0,Mismatch
117212,2,0,Mismatch
117213,2,0,Mismatch
117214,2,0,Mismatch
117215,2,0,Mismatch
117216,2,0,Mismatch
117217,2,0,Mismatch
117218,2,0,Mismatch
117219,2,0,Mismatch
117220,2,0,Mismatch
117221,2,0,Mismatch
117222,1,0,Mismatch
117223,1,0,Mismatch
117224,1,0,Mismatch
117225,1,0,Mismatch
117226,1,0,Mismatch
117227,1,0,Mismatch
117228,1,0,Mismatch
117229,1,0,Mismatch
117230,1,0,Mismatch
117231,1,0,Mismatch
117232,1,0,Mismatch
117233,1,0,Mismatch
117234,1,0,Mismatch
117235,1,0,Mismatch
117236,1,0,Mismatch
117237,1,0,Mismatch
117238,1,0,Mismatch
117239,1,0,Mismatch
117240,1,0,Mismatch
117241,1,0,Mismatch
117242,1,0,Mismatch
117243,1,0,Mismatch
117244,1,0,Mismatch
117245,1,0,Mismatch
117246,1,0,Mismatch
117247,1,0,Mismatch
117248,1,0,Mismatch
117249,1,0,Mismatch
117250,1,0,Mismatch
117251,1,0,Mismatch
117252,1,0,Mismatch
117253,1,0,Mismatch
117254,1,0,Mismatch
117255,1,0,Mismatch
117256,1,0,Mismatch
117310,-9,0,Mismatch
117311,-9,0,Mismatch
117312,-9,0,Mismatch
117313,-9,0,Mismatch
117314,-9,0,Mismatch
117315,-9,0,Mismatch
117316,-9,0,Mismatch
117317,-9,0,Mismatch
117318,-9,0,Mismatch
117319,-9,0,Mismatch
117320,-9,0,Mismatch
117321,-9,0,Mismatch
117322,-9,0,Mismatch
117323,-9,0,Mismatch
117324,-9,0,Mismatch
117325,-9,0,Mismatch
117326,-9,0,Mismatch
117327,-9,0,Mismatch
117328,-9,0,Mismatch
117329,-9,0,Mismatch
117330,-9,0,Mismatch
117331,-9,0,Mismatch
117332,-9,0,Mismatch
117333,-9,0,Mismatch
117334,-9,0,Mismatch
117558,-9,-9,Missing Frame in File 1
117559,-9,-9,Missing Frame in File 1
117560,-9,-9,Missing Frame in File 1
117561,-9,-9,Missing Frame in File 1
117562,-9,-9,Missing Frame in File 1
117563,-9,-9,Missing Frame in File 1
117564,-9,-9,Missing Frame in File 1
117565,-9,-9,Missing Frame in File 1
117566,-9,-9,Missing Frame in File 1
117567,-9,-9,Missing Frame in File 1
117568,-9,-9,Missing Frame in File 1
117569,-9,-9,Missing Frame in File 1
117570,-9,-9,Missing Frame in File 1
117571,-9,-9,Missing Frame in File 1
117572,-9,-9,Missing Frame in File 1
117573,-9,-9,Missing Frame in File 1
117574,-9,-9,Missing Frame in File 1
117575,-9,-9,Missing Frame in File 1
117576,-9,-9,Missing Frame in File 1
117577,-9,-9,Missing Frame in File 1
117578,-9,-9,Missing Frame in File 1
117579,-9,-9,Missing Frame in File 1
117580,-9,-9,Missing Frame in File 1
117581,-9,-9,Missing Frame in File 1
117582,-9,-9,Missing Frame in File 1
117583,-9,-9,Missing Frame in File 1
117584,-9,-9,Missing Frame in File 1
117585,-9,-9,Missing Frame in File 1
117586,-9,-9,Missing Frame in File 1
117587,-9,-9,Missing Frame in File 1
117588,-9,-9,Missing Frame in File 1
117589,-9,-9,Missing Frame in File 1
117590,-9,-9,Missing Frame in File 1
117591,-9,-9,Missing Frame in File 1
117592,-9,-9,Missing Frame in File 1
117593,-9,-9,Missing Frame in File 1
117594,-9,-9,Missing Frame in File 1
117595,-9,-9,Missing Frame in File 1
117596,-9,-9,Missing Frame in File 1
117597,-9,-9,Missing Frame in File 1
117598,-9,-9,Missing Frame in File 1
117599,-9,-9,Missing Frame in File 1
117600,-9,-9,Missing Frame in File 1
117601,-9,-9,Missing Frame in File 1
117602,-9,-9,Missing Frame in File 1
117603,-9,-9,Missing Frame in File 1
117604,-9,-9,Missing Frame in File 1
117605,-9,-9,Missing Frame in File 1
117606,-9,-9,Missing Frame in File 1
117607,-9,-9,Missing Frame in File 1
117608,-9,-9,Missing Frame in File 1
117609,-9,-9,Missing Frame in File 1
117610,-9,-9,Missing Frame in File 1
117611,-9,-9,Missing Frame in File 1
117612,-9,-9,Missing Frame in File 1
117613,-9,-9,Missing Frame in File 1
117614,-9,-9,Missing Frame in File 1
117615,-9,-9,Missing Frame in File 1
117616,-9,-9,Missing Frame in File 1
117617,-9,-9,Missing Frame in File 1
117618,-9,-9,Missing Frame in File 1
117619,-9,-9,Missing Frame in File 1
117620,-9,-9,Missing Frame in File 1
117621,-9,-9,Missing Frame in File 1
117622,-9,-9,Missing Frame in File 1
117623,-9,-9,Missing Frame in File 1
117624,-9,-9,Missing Frame in File 1
117625,-9,-9,Missing Frame in File 1
117626,-9,-9,Missing Frame in File 1
117627,-9,-9,Missing Frame in File 1
117628,-9,-9,Missing Frame in File 1
117629,-9,-9,Missing Frame in File 1
117630,-9,-9,Missing Frame in File 1
117631,-9,-9,Missing Frame in File 1
117632,-9,-9,Missing Frame in File 1
117633,-9,-9,Missing Frame in File 1
117634,-9,-9,Missing Frame in File 1
117635,-9,-9,Missing Frame in File 1
117636,-9,-9,Missing Frame in File 1
117637,-9,-9,Missing Frame in File 1
117638,-9,-9,Missing Frame in File 1
117639,-9,-9,Missing Frame in File 1
117640,-9,-9,Missing Frame in File 1
117641,-9,-9,Missing Frame in File 1
117642,-9,-9,Missing Frame in File 1
117643,-9,-9,Missing Frame in File 1
117644,-9,-9,Missing Frame in File 1
117645,-9,-9,Missing Frame in File 1
117646,-9,-9,Missing Frame in File 1
117647,-9,-9,Missing Frame in File 1
117648,-9,-9,Missing Frame in File 1
117649,-9,-9,Missing Frame in File 1
117650,-9,-9,Missing Frame in File 1
117651,-9,-9,Missing Frame in File 1
117652,-9,-9,Missing Frame in File 1
117653,-9,-9,Missing Frame in File 1
117654,-9,-9,Missing Frame in File 1
117655,-9,-9,Missing Frame in File 1
117656,-9,-9,Missing Frame in File 1
117657,-9,-9,Missing Frame in File 1
117658,-9,-9,Missing Frame in File 1
117659,-9,-9,Missing Frame in File 1
117660,-9,-9,Missing Frame in File 1
117661,-9,-9,Missing Frame in File 1
117662,-9,-9,Missing Frame in File 1
117663,-9,-9,Missing Frame in File 1
117664,-9,-9,Missing Frame in File 1
117665,-9,-9,Missing Frame in File 1
117666,-9,-9,Missing Frame in File 1
117667,-9,-9,Missing Frame in File 1
117668,-9,-9,Missing Frame in File 1
117669,-9,-9,Missing Frame in File 1
117670,-9,-9,Missing Frame in File 1
117671,-9,-9,Missing Frame in File 1
117672,-9,-9,Missing Frame in File 1
117673,-9,-9,Missing Frame in File 1
117674,-9,-9,Missing Frame in File 1
117675,-9,-9,Missing Frame in File 1
117676,-9,-9,Missing Frame in File 1
117677,-9,-9,Missing Frame in File 1
117678,-9,-9,Missing Frame in File 1
117679,-9,-9,Missing Frame in File 1
117680,-9,-9,Missing Frame in File 1
117681,-9,-9,Missing Frame in File 1
117682,-9,-9,Missing Frame in File 1
117683,-9,-9,Missing Frame in File 1
117684,-9,-9,Missing Frame in File 1
117685,-9,-9,Missing Frame in File 1
117686,-9,-9,Missing Frame in File 1
117687,-9,-9,Missing Frame in File 1
117688,-9,-9,Missing Frame in File 1
117689,-9,-9,Missing Frame in File 1
117690,-9,-9,Missing Frame in File 1
117691,-9,-9,Missing Frame in File 1
117692,-9,-9,Missing Frame in File 1
117693,-9,-9,Missing Frame in File 1
117694,-9,-9,Missing Frame in File 1
117695,-9,-9,Missing Frame in File 1
117696,-9,-9,Missing Frame in File 1
117697,-9,-9,Missing Frame in File 1
117698,-9,-9,Missing Frame in File 1
117699,-9,-9,Missing Frame in File 1
117700,-9,-9,Missing Frame in File 1
117701,-9,-9,Missing Frame in File 1
117702,-9,-9,Missing Frame in File 1
117703,-9,-9,Missing Frame in File 1
117704,-9,-9,Missing Frame in File 1
117705,-9,-9,Missing Frame in File 1
117706,-9,-9,Missing Frame in File 1
117707,-9,-9,Missing Frame in File 1
117708,-9,-9,Missing Frame in File 1
117709,-9,-9,Missing Frame in File 1
117710,-9,-9,Missing Frame in File 1
117711,-9,-9,Missing Frame in File 1
117712,-9,-9,Missing Frame in File 1
117713,-9,-9,Missing Frame in File 1
117714,-9,-9,Missing Frame in File 1
117715,-9,-9,Missing Frame in File 1
117716,-9,-9,Missing Frame in File 1
117717,-9,-9,Missing Frame in File 1
117718,-9,-9,Missing Frame in File 1
117719,-9,-9,Missing Frame in File 1
117720,-9,-9,Missing Frame in File 1
117721,-9,-9,Missing Frame in File 1
117722,-9,-9,Missing Frame in File 1
117723,-9,-9,Missing Frame in File 1
117724,-9,-9,Missing Frame in File 1
117725,-9,-9,Missing Frame in File 1
117726,-9,-9,Missing Frame in File 1
117727,-9,-9,Missing Frame in File 1
117728,-9,-9,Missing Frame in File 1
117729,-9,-9,Missing Frame in File 1
117730,-9,-9,Missing Frame in File 1
117731,-9,-9,Missing Frame in File 1
117732,0,-9,Mismatch
117733,0,-9,Mismatch
117734,0,-9,Mismatch
117735,0,-9,Mismatch
117736,0,-9,Mismatch
117737,0,-9,Mismatch
117738,0,-9,Mismatch
117739,0,-9,Mismatch
117740,0,-9,Mismatch
117741,0,-9,Mismatch
117742,0,3,Mismatch
117743,0,3,Mismatch
117744,0,3,Mismatch
117745,0,3,Mismatch
117746,0,3,Mismatch
117747,0,3,Mismatch
117748,0,3,Mismatch
117749,0,3,Mismatch
117750,0,3,Mismatch
117751,0,3,Mismatch
117752,0,3,Mismatch
117753,0,3,Mismatch
117754,0,3,Mismatch
117755,0,3,Mismatch
117756,0,3,Mismatch
117757,0,3,Mismatch
117758,0,3,Mismatch
117759,0,3,Mismatch
117760,0,3,Mismatch
117761,0,3,Mismatch
117762,0,3,Mismatch
117763,0,3,Mismatch
117764,0,3,Mismatch
117765,0,3,Mismatch
117766,0,3,Mismatch
117767,4,3,Mismatch
117768,4,3,Mismatch
117769,4,3,Mismatch
117770,4,3,Mismatch
117771,4,3,Mismatch
117772,4,3,Mismatch
117773,4,3,Mismatch
117774,4,3,Mismatch
117775,4,3,Mismatch
117776,4,3,Mismatch
117777,4,3,Mismatch
117778,4,3,Mismatch
117779,4,3,Mismatch
117780,4,3,Mismatch
117781,4,3,Mismatch
117782,4,3,Mismatch
117783,4,3,Mismatch
117784,4,3,Mismatch
117785,4,3,Mismatch
117786,4,3,Mismatch
117787,4,3,Mismatch
117788,4,3,Mismatch
117789,4,3,Mismatch
117790,4,3,Mismatch
117791,4,3,Mismatch
117792,4,3,Mismatch
117793,4,3,Mismatch
117794,4,3,Mismatch
117795,4,3,Mismatch
117796,4,3,Mismatch
117797,4,3,Mismatch
117798,4,3,Mismatch
117799,4,3,Mismatch
117800,4,3,Mismatch
117801,4,3,Mismatch
117802,4,3,Mismatch
117803,4,3,Mismatch
117804,4,3,Mismatch
117805,4,3,Mismatch
117806,4,3,Mismatch
117807,4,3,Mismatch
117808,4,3,Mismatch
117809,4,3,Mismatch
117810,4,3,Mismatch
117811,4,3,Mismatch
117812,4,3,Mismatch
117813,4,3,Mismatch
117814,4,3,Mismatch
117815,4,3,Mismatch
117816,4,3,Mismatch
117817,4,3,Mismatch
117818,4,3,Mismatch
117819,4,3,Mismatch
117820,4,3,Mismatch
117821,4,3,Mismatch
117822,4,3,Mismatch
117823,4,3,Mismatch
117824,4,3,Mismatch
117825,4,3,Mismatch
117826,4,3,Mismatch
117827,4,3,Mismatch
117828,4,3,Mismatch
117829,4,3,Mismatch
117830,4,3,Mismatch
117831,4,3,Mismatch
117832,-9,3,Mismatch
117833,-9,3,Mismatch
117834,-9,3,Mismatch
117835,-9,3,Mismatch
117836,-9,3,Mismatch
117837,-9,3,Mismatch
117838,-9,3,Mismatch
117839,-9,3,Mismatch
117840,-9,3,Mismatch
117841,-9,3,Mismatch
117842,-9,3,Mismatch
117843,-9,3,Mismatch
117844,-9,3,Mismatch
117845,-9,3,Mismatch
117846,-9,3,Mismatch
117847,-9,3,Mismatch
117848,-9,3,Mismatch
117849,-9,3,Mismatch
117851,-9,0,Mismatch
117852,-9,0,Mismatch
117853,2,0,Mismatch
117854,2,0,Mismatch
117855,2,0,Mismatch
117856,2,0,Mismatch
117857,2,0,Mismatch
117858,2,0,Mismatch
117859,2,0,Mismatch
117860,2,0,Mismatch
117861,2,0,Mismatch
117862,2,0,Mismatch
117863,2,0,Mismatch
117864,2,0,Mismatch
117865,2,0,Mismatch
117866,2,0,Mismatch
117867,2,0,Mismatch
117868,2,0,Mismatch
117869,2,0,Mismatch
117870,2,0,Mismatch
117871,2,0,Mismatch
117872,2,0,Mismatch
117873,2,0,Mismatch
117874,2,0,Mismatch
117875,2,0,Mismatch
117876,2,0,Mismatch
117877,2,0,Mismatch
117878,2,0,Mismatch
117879,2,0,Mismatch
117880,2,0,Mismatch
117881,2,0,Mismatch
117882,2,0,Mismatch
117883,2,0,Mismatch
117884,2,0,Mismatch
117885,-9,0,Mismatch
117886,-9,0,Mismatch
117887,-9,0,Mismatch
117888,-9,0,Mismatch
117889,-9,0,Mismatch
117890,-9,0,Mismatch
117891,-9,0,Mismatch
117892,-9,0,Mismatch
117893,-9,0,Mismatch
117894,-9,0,Mismatch
117895,-9,0,Mismatch
117896,-9,0,Mismatch
117897,-9,0,Mismatch
117898,-9,0,Mismatch
117899,-9,0,Mismatch
117900,-9,0,Mismatch
117901,-9,0,Mismatch
117902,-9,0,Mismatch
117903,-9,0,Mismatch
117904,-9,0,Mismatch
117905,-9,0,Mismatch
117906,-9,0,Mismatch
117907,-9,0,Mismatch
117908,-9,0,Mismatch
117909,-9,0,Mismatch
117910,-9,0,Mismatch
117911,-9,0,Mismatch
117912,-9,0,Mismatch
117913,-9,0,Mismatch
117914,-9,0,Mismatch
117915,-9,0,Mismatch
117916,-9,0,Mismatch
117917,-9,0,Mismatch
117918,-9,0,Mismatch
117919,-9,0,Mismatch
117920,-9,0,Mismatch
117921,-9,0,Mismatch
117922,-9,0,Mismatch
117923,-9,0,Mismatch
117924,-9,0,Mismatch
117925,-9,0,Mismatch
117926,-9,0,Mismatch
117927,-9,0,Mismatch
117928,-9,0,Mismatch
117929,-9,0,Mismatch
117930,-9,0,Mismatch
117931,-9,0,Mismatch
117932,-9,0,Mismatch
117933,-9,0,Mismatch
117934,-9,0,Mismatch
117935,-9,0,Mismatch
117936,-9,0,Mismatch
117937,-9,0,Mismatch
117938,-9,0,Mismatch
117939,-9,0,Mismatch
117940,-9,0,Mismatch
117941,-9,0,Mismatch
117942,-9,0,Mismatch
117943,-9,0,Mismatch
117944,-9,0,Mismatch
117945,-9,0,Mismatch
117946,-9,0,Mismatch
117947,-9,0,Mismatch
117948,-9,0,Mismatch
117949,-9,0,Mismatch
117950,-9,0,Mismatch
117951,-9,0,Mismatch
117952,-9,0,Mismatch
117953,-9,0,Mismatch
117954,-9,0,Mismatch
117955,-9,0,Mismatch
117956,-9,0,Mismatch
117957,-9,0,Mismatch
117958,-9,0,Mismatch
117959,-9,0,Mismatch
117960,-9,0,Mismatch
117961,-9,0,Mismatch
117962,-9,0,Mismatch
117963,-9,0,Mismatch
117964,-9,0,Mismatch
117965,-9,0,Mismatch
117966,-9,0,Mismatch
117967,-9,0,Mismatch
117968,-9,0,Mismatch
117969,-9,0,Mismatch
117970,-9,0,Mismatch
117971,-9,0,Mismatch
117972,-9,0,Mismatch
117973,-9,0,Mismatch
117974,-9,0,Mismatch
117975,-9,0,Mismatch
117976,-9,0,Mismatch
117977,-9,0,Mismatch
117978,-9,0,Mismatch
117979,-9,0,Mismatch
117980,-9,0,Mismatch
117981,-9,0,Mismatch
117982,-9,0,Mismatch
117983,-9,0,Mismatch
118188,2,0,Mismatch
118189,2,0,Mismatch
118190,2,0,Mismatch
118191,2,0,Mismatch
118192,2,0,Mismatch
118193,2,0,Mismatch
118194,2,0,Mismatch
118195,2,0,Mismatch
118196,2,0,Mismatch
118197,2,0,Mismatch
118198,2,0,Mismatch
118199,2,0,Mismatch
118200,2,0,Mismatch
118201,2,0,Mismatch
118202,2,0,Mismatch
118203,2,0,Mismatch
118204,2,0,Mismatch
118205,2,0,Mismatch
118206,2,0,Mismatch
118207,2,0,Mismatch
118208,2,0,Mismatch
118209,2,0,Mismatch
118210,2,0,Mismatch
118211,2,0,Mismatch
118212,2,0,Mismatch
118213,2,0,Mismatch
118214,2,0,Mismatch
118215,2,0,Mismatch
118273,2,0,Mismatch
118274,2,0,Mismatch
118275,2,0,Mismatch
118276,2,0,Mismatch
118277,2,0,Mismatch
118278,2,0,Mismatch
118279,2,0,Mismatch
118280,2,0,Mismatch
118281,2,0,Mismatch
118282,2,0,Mismatch
118283,2,0,Mismatch
118284,2,0,Mismatch
118285,2,0,Mismatch
118286,2,0,Mismatch
118287,2,0,Mismatch
118288,2,0,Mismatch
118289,2,0,Mismatch
118290,2,0,Mismatch
118291,2,0,Mismatch
118292,2,0,Mismatch
118293,2,0,Mismatch
118294,2,0,Mismatch
118295,2,0,Mismatch
118296,2,0,Mismatch
118297,2,0,Mismatch
118298,2,0,Mismatch
118299,2,0,Mismatch
118300,2,0,Mismatch
118301,2,0,Mismatch
118302,2,0,Mismatch
118303,2,0,Mismatch
118304,2,0,Mismatch
118305,2,0,Mismatch
118306,2,0,Mismatch
118307,2,0,Mismatch
118308,2,0,Mismatch
118309,2,0,Mismatch
118310,2,0,Mismatch
118311,2,0,Mismatch
118312,2,0,Mismatch
118313,2,0,Mismatch
118314,2,0,Mismatch
118315,2,0,Mismatch
118316,2,0,Mismatch
118317,2,0,Mismatch
118318,2,0,Mismatch
118319,2,0,Mismatch
118320,2,0,Mismatch
118321,2,0,Mismatch
118322,2,0,Mismatch
118323,2,0,Mismatch
118324,2,0,Mismatch
118325,2,0,Mismatch
118326,2,0,Mismatch
118327,2,0,Mismatch
118328,2,0,Mismatch
118329,2,0,Mismatch
118330,2,0,Mismatch
118331,2,0,Mismatch
118332,2,0,Mismatch
118333,2,0,Mismatch
118334,2,0,Mismatch
118335,2,0,Mismatch
118336,2,0,Mismatch
118337,2,0,Mismatch
118338,2,0,Mismatch
118339,2,0,Mismatch
118340,2,0,Mismatch
118341,2,0,Mismatch
118342,2,0,Mismatch
118343,2,0,Mismatch
118344,2,0,Mismatch
118345,2,0,Mismatch
118346,2,0,Mismatch
118347,2,0,Mismatch
118348,2,0,Mismatch
118349,2,0,Mismatch
118350,2,0,Mismatch
118351,2,0,Mismatch
118352,2,0,Mismatch
118353,2,0,Mismatch
118354,2,0,Mismatch
118355,2,0,Mismatch
118356,2,0,Mismatch
118357,2,0,Mismatch
118358,2,0,Mismatch
118473,2,0,Mismatch
118474,2,0,Mismatch
118475,2,0,Mismatch
118476,2,0,Mismatch
118477,2,0,Mismatch
118478,2,0,Mismatch
118479,2,0,Mismatch
118480,2,0,Mismatch
118481,2,0,Mismatch
118482,2,0,Mismatch
118483,2,0,Mismatch
118484,2,0,Mismatch
118485,2,0,Mismatch
118486,2,0,Mismatch
118487,2,0,Mismatch
118488,2,0,Mismatch
118489,2,0,Mismatch
118490,2,0,Mismatch
118491,2,0,Mismatch
118492,2,0,Mismatch
118493,2,0,Mismatch
118494,2,0,Mismatch
118495,2,0,Mismatch
118496,2,0,Mismatch
118553,2,0,Mismatch
118554,2,0,Mismatch
118555,2,0,Mismatch
118556,2,0,Mismatch
118557,2,0,Mismatch
118558,2,0,Mismatch
118559,2,0,Mismatch
118560,2,0,Mismatch
118561,2,0,Mismatch
118562,2,0,Mismatch
118563,2,0,Mismatch
118564,2,0,Mismatch
118565,2,0,Mismatch
118566,2,0,Mismatch
118567,2,0,Mismatch
118568,2,0,Mismatch
118569,2,0,Mismatch
118570,2,0,Mismatch
118571,2,0,Mismatch
118572,2,0,Mismatch
118573,2,0,Mismatch
118574,2,0,Mismatch
118575,2,0,Mismatch
118576,2,0,Mismatch
118577,2,0,Mismatch
118578,2,0,Mismatch
118579,2,0,Mismatch
118580,2,0,Mismatch
118581,2,0,Mismatch
118582,2,0,Mismatch
118583,2,0,Mismatch
118584,2,0,Mismatch
118585,2,0,Mismatch
118586,2,0,Mismatch
118587,2,0,Mismatch
118588,2,0,Mismatch
118589,2,0,Mismatch
118590,2,0,Mismatch
118591,2,0,Mismatch
118592,2,0,Mismatch
118593,2,0,Mismatch
118594,2,0,Mismatch
118595,2,0,Mismatch
118596,2,0,Mismatch
118597,2,0,Mismatch
118598,2,0,Mismatch
118599,2,0,Mismatch
118600,-9,0,Missing Frame in File 1
118601,-9,0,Missing Frame in File 1
118602,-9,0,Missing Frame in File 1
118603,-9,0,Missing Frame in File 1
118604,-9,0,Missing Frame in File 1
118605,-9,0,Missing Frame in File 1
118606,-9,0,Missing Frame in File 1
118607,-9,0,Missing Frame in File 1
118608,-9,0,Missing Frame in File 1
118609,-9,0,Missing Frame in File 1
118610,-9,0,Missing Frame in File 1
118611,-9,0,Missing Frame in File 1
118612,-9,0,Missing Frame in File 1
118613,-9,0,Missing Frame in File 1
118614,-9,0,Missing Frame in File 1
118615,-9,0,Missing Frame in File 1
118616,-9,0,Missing Frame in File 1
118617,-9,0,Missing Frame in File 1
118618,-9,0,Missing Frame in File 1
118619,-9,0,Missing Frame in File 1
118620,-9,0,Missing Frame in File 1
118621,-9,0,Missing Frame in File 1
118622,-9,0,Missing Frame in File 1
118623,-9,-9,Missing Frame in File 1
118624,-9,0,Missing Frame in File 1
118625,-9,0,Missing Frame in File 1
118626,-9,0,Missing Frame in File 1
118627,-9,0,Missing Frame in File 1
118628,-9,0,Missing Frame in File 1
118629,-9,0,Missing Frame in File 1
118630,-9,0,Missing Frame in File 1
118631,-9,0,Missing Frame in File 1
118632,-9,0,Missing Frame in File 1
118633,-9,0,Missing Frame in File 1
118634,-9,0,Missing Frame in File 1
118635,-9,0,Missing Frame in File 1
118636,-9,0,Missing Frame in File 1
118637,-9,0,Missing Frame in File 1
118638,-9,0,Missing Frame in File 1
118639,-9,0,Missing Frame in File 1
118640,-9,0,Missing Frame in File 1
118641,-9,0,Missing Frame in File 1
118642,-9,0,Missing Frame in File 1
118643,-9,0,Missing Frame in File 1
118644,-9,0,Missing Frame in File 1
118645,-9,0,Missing Frame in File 1
118646,-9,0,Missing Frame in File 1
118647,-9,0,Missing Frame in File 1
118648,-9,0,Missing Frame in File 1
118649,-9,0,Missing Frame in File 1
118650,-9,0,Missing Frame in File 1
118651,-9,0,Missing Frame in File 1
118652,-9,0,Missing Frame in File 1
118653,-9,0,Missing Frame in File 1
118654,-9,0,Missing Frame in File 1
118655,-9,0,Missing Frame in File 1
118656,-9,0,Missing Frame in File 1
118657,-9,0,Missing Frame in File 1
118658,-9,0,Missing Frame in File 1
118659,-9,0,Missing Frame in File 1
118660,-9,0,Missing Frame in File 1
118661,-9,0,Missing Frame in File 1
118662,-9,0,Missing Frame in File 1
118663,-9,0,Missing Frame in File 1
118664,-9,0,Missing Frame in File 1
118665,-9,0,Missing Frame in File 1
118666,-9,0,Missing Frame in File 1
118667,-9,0,Missing Frame in File 1
118668,-9,0,Missing Frame in File 1
118669,-9,0,Missing Frame in File 1
118670,-9,0,Missing Frame in File 1
118671,-9,0,Missing Frame in File 1
118672,-9,0,Missing Frame in File 1
118673,-9,0,Missing Frame in File 1
118674,-9,0,Missing Frame in File 1
118675,-9,0,Missing Frame in File 1
118676,-9,0,Missing Frame in File 1
118677,-9,0,Missing Frame in File 1
118678,-9,0,Missing Frame in File 1
118679,-9,0,Missing Frame in File 1
118680,-9,0,Missing Frame in File 1
118681,-9,0,Missing Frame in File 1
118682,-9,0,Missing Frame in File 1
118683,-9,0,Missing Frame in File 1
118684,-9,0,Missing Frame in File 1
118685,-9,0,Missing Frame in File 1
118686,-9,0,Missing Frame in File 1
118687,-9,0,Missing Frame in File 1
118688,-9,0,Missing Frame in File 1
118689,-9,0,Missing Frame in File 1
118690,-9,0,Missing Frame in File 1
118691,-9,0,Missing Frame in File 1
118692,-9,0,Missing Frame in File 1
118693,-9,0,Missing Frame in File 1
118694,-9,0,Missing Frame in File 1
118695,-9,0,Missing Frame in File 1
118696,-9,0,Missing Frame in File 1
118697,-9,0,Missing Frame in File 1
118698,-9,0,Missing Frame in File 1
118699,-9,0,Missing Frame in File 1
118700,-9,0,Missing Frame in File 1
118701,-9,0,Missing Frame in File 1
118702,-9,0,Missing Frame in File 1
118703,-9,0,Missing Frame in File 1
118704,-9,0,Missing Frame in File 1
118705,-9,0,Missing Frame in File 1
118706,-9,0,Missing Frame in File 1
118707,-9,0,Missing Frame in File 1
118708,-9,0,Missing Frame in File 1
118709,-9,0,Missing Frame in File 1
118710,-9,0,Missing Frame in File 1
118711,-9,0,Missing Frame in File 1
118712,-9,0,Missing Frame in File 1
118713,-9,0,Missing Frame in File 1
118714,-9,0,Missing Frame in File 1
118715,-9,0,Missing Frame in File 1
118716,-9,0,Missing Frame in File 1
118717,-9,0,Missing Frame in File 1
118718,-9,0,Missing Frame in File 1
118719,-9,0,Missing Frame in File 1
118720,-9,0,Missing Frame in File 1
118721,-9,0,Missing Frame in File 1
118722,-9,0,Missing Frame in File 1
118723,-9,0,Missing Frame in File 1
118724,-9,0,Missing Frame in File 1
118725,-9,0,Missing Frame in File 1
118726,-9,0,Missing Frame in File 1
118727,-9,0,Missing Frame in File 1
118728,-9,0,Missing Frame in File 1
118729,-9,0,Missing Frame in File 1
118730,-9,0,Missing Frame in File 1
118731,-9,0,Missing Frame in File 1
118732,-9,0,Missing Frame in File 1
118733,-9,0,Missing Frame in File 1
118734,-9,0,Missing Frame in File 1
118735,-9,0,Missing Frame in File 1
118736,-9,0,Missing Frame in File 1
118737,-9,0,Missing Frame in File 1
118738,-9,0,Missing Frame in File 1
118739,-9,0,Missing Frame in File 1
118740,-9,0,Missing Frame in File 1
118741,-9,0,Missing Frame in File 1
118742,-9,0,Missing Frame in File 1
118743,-9,0,Missing Frame in File 1
118744,-9,0,Missing Frame in File 1
118745,-9,0,Missing Frame in File 1
118746,-9,0,Missing Frame in File 1
118747,-9,0,Missing Frame in File 1
118748,-9,0,Missing Frame in File 1
118749,-9,0,Missing Frame in File 1
118750,-9,0,Missing Frame in File 1
118751,-9,0,Missing Frame in File 1
118752,-9,0,Missing Frame in File 1
118753,-9,0,Missing Frame in File 1
118754,-9,0,Missing Frame in File 1
118755,-9,0,Missing Frame in File 1
118756,-9,0,Missing Frame in File 1
118757,-9,0,Missing Frame in File 1
118758,-9,0,Missing Frame in File 1
118793,2,0,Mismatch
118794,2,0,Mismatch
118795,2,0,Mismatch
118796,2,0,Mismatch
118797,2,0,Mismatch
118798,2,0,Mismatch
118799,2,0,Mismatch
118800,2,0,Mismatch
118801,2,0,Mismatch
118802,2,0,Mismatch
118803,2,0,Mismatch
118804,2,0,Mismatch
118805,2,0,Mismatch
118806,2,0,Mismatch
118807,2,0,Mismatch
118808,2,0,Mismatch
118809,2,0,Mismatch
118810,2,0,Mismatch
118811,2,0,Mismatch
118812,2,0,Mismatch
118813,2,0,Mismatch
118814,2,0,Mismatch
118815,2,0,Mismatch
118816,2,0,Mismatch
118817,2,0,Mismatch
118818,2,0,Mismatch
118819,2,0,Mismatch
118820,2,0,Mismatch
118821,2,0,Mismatch
118822,2,0,Mismatch
118823,2,0,Mismatch
118824,2,0,Mismatch
118825,2,0,Mismatch
118826,2,0,Mismatch
118827,2,0,Mismatch
118828,2,0,Mismatch
118829,2,0,Mismatch
118830,2,0,Mismatch
118831,2,0,Mismatch
118832,2,0,Mismatch
118833,2,0,Mismatch
118834,2,0,Mismatch
118835,2,0,Mismatch
118836,2,0,Mismatch
118919,1,0,Mismatch
118920,1,0,Mismatch
118921,1,0,Mismatch
118922,1,0,Mismatch
118923,1,0,Mismatch
118924,1,0,Mismatch
118925,1,0,Mismatch
118926,1,0,Mismatch
118927,1,0,Mismatch
118928,1,0,Mismatch
118929,1,0,Mismatch
118930,1,0,Mismatch
118931,1,0,Mismatch
118932,1,0,Mismatch
118933,1,0,Mismatch
118934,1,0,Mismatch
118935,1,0,Mismatch
118936,1,0,Mismatch
118937,1,0,Mismatch
118938,1,0,Mismatch
118939,1,0,Mismatch
118940,1,0,Mismatch
118941,1,0,Mismatch
118942,1,0,Mismatch
118943,1,0,Mismatch
118944,1,0,Mismatch
118945,1,0,Mismatch
118946,1,0,Mismatch
118947,1,0,Mismatch
118948,1,0,Mismatch
118949,1,0,Mismatch
118950,1,0,Mismatch
118951,1,0,Mismatch
118952,1,0,Mismatch
118953,1,0,Mismatch
118954,1,0,Mismatch
118955,1,0,Mismatch
118956,1,0,Mismatch
118957,1,0,Mismatch
118958,1,0,Mismatch
118959,1,0,Mismatch
118960,1,0,Mismatch
118961,1,0,Mismatch
118962,1,0,Mismatch
118963,1,0,Mismatch
118964,1,0,Mismatch
119178,2,0,Mismatch
119179,2,0,Mismatch
119180,2,0,Mismatch
119181,2,0,Mismatch
119182,2,0,Mismatch
119183,2,0,Mismatch
119184,2,0,Mismatch
119185,2,0,Mismatch
119186,2,0,Mismatch
119187,2,0,Mismatch
119188,2,0,Mismatch
119189,2,0,Mismatch
119190,2,0,Mismatch
119191,2,0,Mismatch
119192,2,0,Mismatch
119193,2,0,Mismatch
119194,2,0,Mismatch
119195,2,0,Mismatch
119196,2,0,Mismatch
119197,2,0,Mismatch
119198,2,0,Mismatch
119199,2,0,Mismatch
119200,2,0,Mismatch
119201,2,0,Mismatch
119202,2,0,Mismatch
119203,-9,0,Mismatch
119204,-9,0,Mismatch
119205,-9,0,Mismatch
119206,-9,0,Mismatch
119207,-9,0,Mismatch
119208,-9,0,Mismatch
119209,-9,0,Mismatch
119210,-9,0,Mismatch
119211,-9,0,Mismatch
119212,-9,0,Mismatch
119213,-9,0,Mismatch
119214,-9,0,Mismatch
119215,-9,0,Mismatch
119216,-9,0,Mismatch
119217,-9,0,Mismatch
119218,-9,0,Mismatch
119219,-9,0,Mismatch
119220,-9,0,Mismatch
119221,-9,0,Mismatch
119222,-9,0,Mismatch
119223,-9,0,Mismatch
119224,-9,0,Mismatch
119225,-9,0,Mismatch
119226,-9,0,Mismatch
119227,-9,0,Mismatch
119228,-9,0,Mismatch
119229,-9,0,Mismatch
119230,-9,0,Mismatch
119231,-9,0,Mismatch
119411,1,-9,Mismatch
119412,1,-9,Mismatch
119413,1,-9,Mismatch
119414,1,-9,Mismatch
119415,1,-9,Mismatch
119416,1,-9,Mismatch
119417,1,-9,Mismatch
119418,1,-9,Mismatch
119419,1,-9,Mismatch
119420,1,-9,Mismatch
119421,1,-9,Mismatch
119422,1,-9,Mismatch
119423,1,-9,Mismatch
119424,1,-9,Mismatch
119425,1,-9,Mismatch
119426,1,-9,Mismatch
119427,1,-9,Mismatch
119428,2,-9,Mismatch
119429,2,-9,Mismatch
119430,2,-9,Mismatch
119431,2,-9,Mismatch
119432,2,-9,Mismatch
119433,2,-9,Mismatch
119434,2,-9,Mismatch
119435,2,-9,Mismatch
119436,2,-9,Mismatch
119437,2,-9,Mismatch
119438,2,-9,Mismatch
119439,2,-9,Mismatch
119440,2,-9,Mismatch
119441,2,-9,Mismatch
119442,2,-9,Mismatch
119443,2,-9,Mismatch
119444,2,-9,Mismatch
119445,2,-9,Mismatch
119446,2,-9,Mismatch
119447,2,-9,Mismatch
119448,2,-9,Mismatch
119449,2,-9,Mismatch
119574,-9,-9,Missing Frame in File 1
119575,-9,-9,Missing Frame in File 1
119576,-9,-9,Missing Frame in File 1
119577,-9,-9,Missing Frame in File 1
119578,-9,-9,Missing Frame in File 1
119579,-9,-9,Missing Frame in File 1
119580,-9,-9,Missing Frame in File 1
119581,-9,-9,Missing Frame in File 1
119582,-9,-9,Missing Frame in File 1
119583,-9,-9,Missing Frame in File 1
119584,-9,-9,Missing Frame in File 1
119585,-9,-9,Missing Frame in File 1
119586,-9,-9,Missing Frame in File 1
119587,-9,-9,Missing Frame in File 1
119588,-9,-9,Missing Frame in File 1
119589,-9,-9,Missing Frame in File 1
119590,-9,-9,Missing Frame in File 1
119591,-9,-9,Missing Frame in File 1
119592,-9,-9,Missing Frame in File 1
119593,-9,-9,Missing Frame in File 1
119594,-9,-9,Missing Frame in File 1
119595,-9,-9,Missing Frame in File 1
119596,-9,-9,Missing Frame in File 1
119597,-9,-9,Missing Frame in File 1
119598,-9,-9,Missing Frame in File 1
119599,-9,-9,Missing Frame in File 1
119600,-9,-9,Missing Frame in File 1
119601,-9,-9,Missing Frame in File 1
119602,-9,-9,Missing Frame in File 1
119603,-9,-9,Missing Frame in File 1
119604,-9,-9,Missing Frame in File 1
119605,-9,-9,Missing Frame in File 1
119606,-9,-9,Missing Frame in File 1
119607,-9,-9,Missing Frame in File 1
119608,-9,-9,Missing Frame in File 1
119609,-9,-9,Missing Frame in File 1
119610,-9,-9,Missing Frame in File 1
119611,-9,-9,Missing Frame in File 1
119612,-9,-9,Missing Frame in File 1
119613,-9,-9,Missing Frame in File 1
119614,-9,-9,Missing Frame in File 1
119615,-9,-9,Missing Frame in File 1
119616,-9,-9,Missing Frame in File 1
119617,-9,-9,Missing Frame in File 1
119618,-9,-9,Missing Frame in File 1
119619,-9,-9,Missing Frame in File 1
119620,-9,-9,Missing Frame in File 1
119621,-9,-9,Missing Frame in File 1
119622,-9,-9,Missing Frame in File 1
119623,-9,-9,Missing Frame in File 1
119624,-9,-9,Missing Frame in File 1
119625,-9,-9,Missing Frame in File 1
119626,-9,-9,Missing Frame in File 1
119627,-9,-9,Missing Frame in File 1
119628,-9,-9,Missing Frame in File 1
119629,-9,-9,Missing Frame in File 1
119630,-9,-9,Missing Frame in File 1
119631,-9,-9,Missing Frame in File 1
119632,-9,-9,Missing Frame in File 1
119633,-9,-9,Missing Frame in File 1
119634,-9,-9,Missing Frame in File 1
119635,-9,-9,Missing Frame in File 1
119636,-9,-9,Missing Frame in File 1
119637,-9,-9,Missing Frame in File 1
119638,-9,-9,Missing Frame in File 1
119639,-9,-9,Missing Frame in File 1
119640,-9,-9,Missing Frame in File 1
119641,-9,-9,Missing Frame in File 1
119642,-9,-9,Missing Frame in File 1
119643,-9,-9,Missing Frame in File 1
119644,-9,-9,Missing Frame in File 1
119645,-9,-9,Missing Frame in File 1
119646,-9,-9,Missing Frame in File 1
119647,-9,-9,Missing Frame in File 1
119648,-9,-9,Missing Frame in File 1
119649,-9,-9,Missing Frame in File 1
119650,-9,-9,Missing Frame in File 1
119651,-9,-9,Missing Frame in File 1
119652,-9,-9,Missing Frame in File 1
119653,-9,-9,Missing Frame in File 1
119654,-9,-9,Missing Frame in File 1
119655,-9,-9,Missing Frame in File 1
119656,-9,-9,Missing Frame in File 1
119657,-9,-9,Missing Frame in File 1
119658,-9,-9,Missing Frame in File 1
119659,-9,-9,Missing Frame in File 1
119660,-9,-9,Missing Frame in File 1
119661,-9,-9,Missing Frame in File 1
119662,-9,-9,Missing Frame in File 1
119663,-9,-9,Missing Frame in File 1
119664,-9,-9,Missing Frame in File 1
119665,-9,-9,Missing Frame in File 1
119666,-9,-9,Missing Frame in File 1
119667,-9,-9,Missing Frame in File 1
119668,-9,-9,Missing Frame in File 1
119669,-9,-9,Missing Frame in File 1
119670,-9,-9,Missing Frame in File 1
119671,-9,-9,Missing Frame in File 1
119672,-9,1,Missing Frame in File 1
119673,-9,1,Missing Frame in File 1
119674,-9,1,Missing Frame in File 1
119675,-9,1,Missing Frame in File 1
119676,-9,1,Missing Frame in File 1
119677,-9,1,Missing Frame in File 1
119678,-9,1,Missing Frame in File 1
119679,-9,1,Missing Frame in File 1
119680,-9,1,Missing Frame in File 1
119681,-9,1,Missing Frame in File 1
119682,-9,1,Missing Frame in File 1
119683,-9,1,Missing Frame in File 1
119684,-9,1,Missing Frame in File 1
119685,-9,1,Missing Frame in File 1
119686,-9,1,Missing Frame in File 1
119687,-9,1,Missing Frame in File 1
119688,-9,1,Missing Frame in File 1
119689,-9,1,Missing Frame in File 1
119690,-9,1,Missing Frame in File 1
119691,-9,1,Missing Frame in File 1
119692,-9,1,Missing Frame in File 1
119693,-9,1,Missing Frame in File 1
119694,-9,1,Missing Frame in File 1
119695,-9,1,Missing Frame in File 1
119696,-9,1,Missing Frame in File 1
119697,-9,1,Missing Frame in File 1
119698,-9,1,Missing Frame in File 1
119699,-9,1,Missing Frame in File 1
119700,-9,1,Missing Frame in File 1
119701,-9,1,Missing Frame in File 1
119702,-9,1,Missing Frame in File 1
119703,-9,1,Missing Frame in File 1
119704,-9,1,Missing Frame in File 1
119705,-9,1,Missing Frame in File 1
119706,-9,1,Missing Frame in File 1
119707,-9,1,Missing Frame in File 1
119708,-9,1,Missing Frame in File 1
119709,-9,1,Missing Frame in File 1
119710,-9,1,Mismatch
119711,-9,1,Mismatch
119712,-9,1,Mismatch
119713,-9,1,Mismatch
119714,-9,1,Mismatch
119715,-9,1,Mismatch
119716,-9,1,Mismatch
119717,-9,1,Mismatch
119718,-9,1,Mismatch
119719,-9,1,Mismatch
119720,-9,1,Mismatch
119721,-9,1,Mismatch
119722,-9,1,Mismatch
119723,-9,1,Mismatch
119724,-9,1,Mismatch
119725,-9,1,Mismatch
119726,-9,1,Mismatch
119727,-9,1,Mismatch
119728,-9,1,Mismatch
119729,-9,1,Mismatch
119730,-9,1,Mismatch
119731,-9,1,Mismatch
119732,-9,1,Mismatch
119733,-9,1,Mismatch
119734,-9,1,Mismatch
119735,-9,1,Mismatch
119736,-9,1,Mismatch
119737,-9,1,Mismatch
119738,-9,1,Mismatch
119739,-9,1,Mismatch
119740,-9,1,Mismatch
119741,-9,1,Mismatch
119742,-9,1,Mismatch
119743,-9,1,Mismatch
119744,-9,1,Mismatch
119745,-9,1,Mismatch
119746,-9,1,Mismatch
119747,-9,1,Mismatch
119748,-9,1,Mismatch
119749,-9,1,Mismatch
119750,-9,1,Mismatch
119751,-9,1,Mismatch
119752,-9,1,Mismatch
119753,-9,1,Mismatch
119754,-9,1,Mismatch
119755,-9,1,Mismatch
119756,-9,1,Mismatch
119757,-9,1,Mismatch
119758,-9,1,Mismatch
119759,-9,1,Mismatch
119760,-9,1,Mismatch
119761,-9,1,Mismatch
119762,-9,1,Mismatch
119763,-9,1,Mismatch
119764,-9,1,Mismatch
119765,-9,1,Mismatch
119766,-9,1,Mismatch
119767,-9,1,Mismatch
119768,-9,1,Mismatch
119769,-9,1,Mismatch
119770,-9,1,Mismatch
119771,-9,1,Mismatch
119772,-9,1,Mismatch
119773,-9,1,Mismatch
119774,-9,1,Mismatch
119775,-9,1,Mismatch
119776,-9,1,Mismatch
119777,-9,1,Mismatch
119778,-9,1,Mismatch
119779,-9,1,Mismatch
119780,-9,1,Mismatch
119781,-9,1,Mismatch
119782,-9,1,Mismatch
119783,-9,1,Mismatch
119784,-9,1,Mismatch
119785,-9,1,Mismatch
119786,-9,1,Mismatch
119787,-9,1,Mismatch
119788,-9,1,Mismatch
119789,-9,1,Mismatch
119790,-9,1,Mismatch
119791,-9,1,Mismatch
119792,-9,1,Mismatch
119793,-9,1,Mismatch
119794,-9,1,Mismatch
119795,-9,1,Mismatch
119796,-9,1,Mismatch
119797,-9,1,Mismatch
119798,-9,1,Mismatch
119799,-9,1,Mismatch
119800,-9,1,Mismatch
119801,-9,1,Mismatch
119802,-9,1,Mismatch
119803,-9,1,Mismatch
119804,-9,1,Mismatch
119805,-9,1,Mismatch
119806,-9,1,Mismatch
119807,-9,1,Mismatch
119808,-9,1,Mismatch
119809,-9,1,Mismatch
119810,-9,1,Mismatch
119811,-9,1,Mismatch
119812,-9,1,Mismatch
119813,-9,1,Mismatch
119814,-9,1,Mismatch
119815,-9,1,Mismatch
119816,-9,1,Mismatch
119817,-9,1,Mismatch
119818,-9,1,Mismatch
119819,-9,1,Mismatch
119820,-9,1,Mismatch
119821,-9,1,Mismatch
119822,-9,1,Mismatch
119823,-9,1,Mismatch
119824,-9,1,Mismatch
119825,-9,1,Mismatch
119826,-9,1,Mismatch
119827,-9,1,Mismatch
119828,-9,1,Mismatch
119829,-9,1,Mismatch
119830,-9,1,Mismatch
119831,-9,1,Mismatch
119832,-9,1,Mismatch
119833,-9,1,Mismatch
119834,-9,1,Mismatch
119835,-9,1,Mismatch
119836,-9,1,Mismatch
119837,-9,1,Mismatch
119838,-9,1,Mismatch
119839,-9,1,Mismatch
119840,-9,1,Mismatch
119841,-9,1,Mismatch
119842,-9,1,Mismatch
119843,-9,1,Mismatch
119844,-9,1,Mismatch
119845,-9,1,Mismatch
119846,-9,1,Mismatch
119847,-9,1,Mismatch
119848,-9,1,Mismatch
119849,-9,1,Mismatch
119850,-9,1,Mismatch
119851,-9,1,Mismatch
119852,-9,1,Mismatch
119853,-9,1,Mismatch
119854,-9,1,Mismatch
119855,-9,1,Mismatch
119856,-9,1,Mismatch
119857,-9,1,Mismatch
119858,-9,1,Mismatch
119859,-9,1,Mismatch
119860,-9,1,Mismatch
119861,-9,1,Mismatch
119862,-9,1,Mismatch
119863,-9,1,Mismatch
119864,-9,1,Mismatch
119865,-9,1,Mismatch
119866,-9,1,Mismatch
119867,-9,1,Mismatch
119868,-9,1,Mismatch
119869,-9,1,Mismatch
119870,-9,1,Mismatch
119871,-9,1,Mismatch
119872,-9,1,Mismatch
119873,-9,1,Mismatch
119874,-9,1,Mismatch
119875,-9,1,Mismatch
119876,-9,1,Mismatch
119877,-9,1,Mismatch
119878,-9,1,Mismatch
119879,-9,1,Mismatch
119880,-9,1,Mismatch
119881,-9,1,Mismatch
119882,-9,1,Mismatch
119883,-9,1,Mismatch
119884,-9,1,Mismatch
119885,-9,1,Mismatch
119886,-9,1,Mismatch
119887,-9,1,Mismatch
119888,-9,1,Mismatch
119889,-9,1,Mismatch
119890,-9,1,Mismatch
119891,-9,1,Mismatch
119892,-9,1,Mismatch
119893,-9,1,Mismatch
119894,-9,1,Mismatch
119895,-9,1,Mismatch
119896,-9,1,Mismatch
119897,-9,1,Mismatch
119898,-9,1,Mismatch
119899,-9,1,Mismatch
119900,-9,1,Mismatch
119901,-9,1,Mismatch
119902,-9,1,Mismatch
119903,-9,1,Mismatch
119904,-9,1,Mismatch
119905,-9,1,Mismatch
119906,-9,1,Mismatch
119907,-9,1,Mismatch
119908,-9,1,Mismatch
119909,-9,1,Mismatch
119910,-9,1,Mismatch
119911,-9,1,Mismatch
119912,-9,1,Mismatch
119913,-9,1,Mismatch
119914,-9,1,Mismatch
119915,-9,1,Mismatch
119916,-9,1,Mismatch
119917,-9,1,Mismatch
119919,-9,3,Mismatch
119920,-9,3,Mismatch
119921,-9,3,Mismatch
119922,-9,3,Mismatch
119923,-9,3,Mismatch
119924,-9,3,Mismatch
119925,-9,3,Mismatch
119926,-9,3,Mismatch
119927,-9,3,Mismatch
119928,-9,3,Mismatch
119929,-9,3,Mismatch
119930,-9,3,Mismatch
119931,-9,3,Mismatch
119932,-9,3,Mismatch
119933,-9,3,Mismatch
119934,-9,3,Mismatch
119935,-9,3,Mismatch
119936,-9,3,Mismatch
119937,-9,3,Mismatch
119938,-9,3,Mismatch
119939,-9,3,Mismatch
119940,-9,3,Mismatch
119941,-9,3,Mismatch
119942,-9,3,Mismatch
119943,-9,3,Mismatch
119944,-9,3,Mismatch
119945,-9,3,Mismatch
119946,-9,3,Mismatch
119947,-9,3,Mismatch
119948,-9,3,Mismatch
119949,-9,3,Mismatch
119950,-9,3,Mismatch
119951,-9,3,Mismatch
119952,-9,3,Mismatch
119953,4,3,Mismatch
119954,4,3,Mismatch
119955,4,3,Mismatch
119956,4,3,Mismatch
119957,4,3,Mismatch
119958,4,3,Mismatch
119959,4,3,Mismatch
119960,4,3,Mismatch
119961,4,3,Mismatch
119962,4,3,Mismatch
119963,4,3,Mismatch
119964,4,3,Mismatch
119965,4,3,Mismatch
119966,4,3,Mismatch
119967,4,3,Mismatch
119968,4,3,Mismatch
119969,4,3,Mismatch
119970,4,3,Mismatch
119971,4,3,Mismatch
119972,4,3,Mismatch
119973,4,3,Mismatch
119974,4,3,Mismatch
119975,4,3,Mismatch
119976,4,3,Mismatch
119977,4,3,Mismatch
119978,4,3,Mismatch
119979,4,3,Mismatch
119980,4,3,Mismatch
119981,4,3,Mismatch
119982,4,3,Mismatch
119983,4,3,Mismatch
119984,4,3,Mismatch
119985,4,3,Mismatch
119986,4,3,Mismatch
119987,4,3,Mismatch
119988,4,3,Mismatch
119989,4,3,Mismatch
119990,4,3,Mismatch
119991,4,3,Mismatch
119992,4,3,Mismatch
119993,4,3,Mismatch
119994,4,3,Mismatch
119995,4,3,Mismatch
119996,4,3,Mismatch
119997,4,3,Mismatch
119998,4,3,Mismatch
119999,4,3,Mismatch
120000,4,3,Mismatch
120001,4,3,Mismatch
120002,4,3,Mismatch
120003,4,3,Mismatch
120004,4,3,Mismatch
120005,4,3,Mismatch
120006,4,3,Mismatch
120007,4,3,Mismatch
120008,4,3,Mismatch
120009,4,3,Mismatch
120010,4,3,Mismatch
120011,4,3,Mismatch
120012,4,3,Mismatch
120013,4,3,Mismatch
120014,4,3,Mismatch
120015,4,3,Mismatch
120016,4,3,Mismatch
120017,4,3,Mismatch
120018,4,3,Mismatch
120019,4,3,Mismatch
120020,4,3,Mismatch
120021,4,3,Mismatch
120022,4,3,Mismatch
120023,4,3,Mismatch
120024,4,3,Mismatch
120025,4,3,Mismatch
120026,4,3,Mismatch
120027,4,3,Mismatch
120028,4,3,Mismatch
120029,4,3,Mismatch
120030,4,3,Mismatch
120031,4,3,Mismatch
120032,4,3,Mismatch
120033,4,3,Mismatch
120034,4,3,Mismatch
120035,4,3,Mismatch
120036,4,3,Mismatch
120037,4,3,Mismatch
120038,4,3,Mismatch
120039,4,3,Mismatch
120040,4,3,Mismatch
120041,4,3,Mismatch
120042,4,3,Mismatch
120043,4,3,Mismatch
120044,0,3,Mismatch
120045,0,3,Mismatch
120046,0,3,Mismatch
120047,0,3,Mismatch
120048,0,3,Mismatch
120049,0,3,Mismatch
120050,0,3,Mismatch
120051,0,3,Mismatch
120052,0,3,Mismatch
120053,0,3,Mismatch
120054,0,3,Mismatch
120055,0,3,Mismatch
120056,0,3,Mismatch
120057,0,3,Mismatch
120058,0,3,Mismatch
120059,0,3,Mismatch
120060,0,3,Mismatch
120061,0,3,Mismatch
120062,0,1,Mismatch
120063,0,1,Mismatch
120064,0,1,Mismatch
120065,0,1,Mismatch
120066,0,1,Mismatch
120067,0,1,Mismatch
120068,0,1,Mismatch
120069,0,1,Mismatch
120070,0,1,Mismatch
120071,0,1,Mismatch
120072,0,1,Mismatch
120073,0,1,Mismatch
120074,0,1,Mismatch
120075,0,1,Mismatch
120076,0,1,Mismatch
120077,0,1,Mismatch
120078,0,1,Mismatch
120079,0,1,Mismatch
120080,0,1,Mismatch
120081,0,1,Mismatch
120082,0,1,Mismatch
120083,0,1,Mismatch
120084,0,1,Mismatch
120085,0,1,Mismatch
120086,0,1,Mismatch
120087,0,1,Mismatch
120088,0,1,Mismatch
120089,0,1,Mismatch
120090,0,1,Mismatch
120091,0,1,Mismatch
120092,0,1,Mismatch
120093,0,1,Mismatch
120094,0,1,Mismatch
120095,0,1,Mismatch
120096,0,1,Mismatch
120097,0,1,Mismatch
120098,0,1,Mismatch
120099,0,1,Mismatch
120100,0,1,Mismatch
120101,0,1,Mismatch
120102,0,1,Mismatch
120103,0,1,Mismatch
120104,0,1,Mismatch
120105,0,1,Mismatch
120106,0,1,Mismatch
120142,0,1,Mismatch
120143,0,1,Mismatch
120144,0,1,Mismatch
120145,0,1,Mismatch
120146,0,1,Mismatch
120147,0,1,Mismatch
120148,0,1,Mismatch
120149,0,1,Mismatch
120150,0,1,Mismatch
120151,0,1,Mismatch
120152,0,1,Mismatch
120153,0,1,Mismatch
120154,0,1,Mismatch
120155,0,1,Mismatch
120156,0,1,Mismatch
120157,0,1,Mismatch
120158,0,1,Mismatch
120159,0,1,Mismatch
120160,0,1,Mismatch
120161,0,1,Mismatch
120162,0,1,Mismatch
120163,0,1,Mismatch
120164,0,1,Mismatch
120165,0,1,Mismatch
120166,0,1,Mismatch
120167,0,1,Mismatch
120168,0,1,Mismatch
120169,0,1,Mismatch
120170,0,1,Mismatch
120171,0,1,Mismatch
120172,0,1,Mismatch
120173,0,1,Mismatch
120174,0,1,Mismatch
120175,0,1,Mismatch
120176,0,1,Mismatch
120177,0,1,Mismatch
120178,0,1,Mismatch
120179,0,1,Mismatch
120180,0,1,Mismatch
120181,0,1,Mismatch
120182,0,1,Mismatch
120183,0,1,Mismatch
120184,0,1,Mismatch
120185,0,1,Mismatch
120186,0,1,Mismatch
120187,0,1,Mismatch
120188,0,1,Mismatch
120189,0,1,Mismatch
120190,0,1,Mismatch
120191,0,1,Mismatch
120192,0,1,Mismatch
120193,0,1,Mismatch
120243,0,1,Mismatch
120244,0,1,Mismatch
120245,0,1,Mismatch
120246,0,1,Mismatch
120247,0,1,Mismatch
120248,0,1,Mismatch
120249,0,1,Mismatch
120250,0,1,Mismatch
120251,0,1,Mismatch
120252,0,1,Mismatch
120253,0,1,Mismatch
120254,0,1,Mismatch
120255,0,1,Mismatch
120256,0,1,Mismatch
120257,0,1,Mismatch
120258,0,1,Mismatch
120259,0,1,Mismatch
120260,0,1,Mismatch
120261,0,1,Mismatch
120262,0,1,Mismatch
120263,0,1,Mismatch
120264,0,1,Mismatch
120265,0,1,Mismatch
120266,0,1,Mismatch
120267,0,1,Mismatch
120268,0,1,Mismatch
120269,0,1,Mismatch
120270,0,1,Mismatch
120271,0,1,Mismatch
120272,0,1,Mismatch
120273,0,1,Mismatch
120274,0,1,Mismatch
120275,0,1,Mismatch
120296,0,1,Mismatch
120297,0,1,Mismatch
120298,0,1,Mismatch
120299,0,1,Mismatch
120300,0,1,Mismatch
120301,0,1,Mismatch
120302,0,1,Mismatch
120303,0,1,Mismatch
120304,0,1,Mismatch
120305,0,1,Mismatch
120306,0,1,Mismatch
120307,0,1,Mismatch
120308,0,1,Mismatch
120309,0,1,Mismatch
120310,0,1,Mismatch
120311,0,1,Mismatch
120312,0,1,Mismatch
120313,0,1,Mismatch
120314,0,1,Mismatch
120315,0,1,Mismatch
120316,0,1,Mismatch
120317,0,1,Mismatch
120318,0,1,Mismatch
120319,0,1,Mismatch
120320,0,1,Mismatch
120321,0,1,Mismatch
120322,0,1,Mismatch
120323,0,1,Mismatch
120324,0,1,Mismatch
120325,0,1,Mismatch
120326,0,1,Mismatch
120327,0,1,Mismatch
120328,0,1,Mismatch
120329,0,1,Mismatch
120330,0,1,Mismatch
120331,0,1,Mismatch
120332,2,1,Mismatch
120333,2,1,Mismatch
120334,2,1,Mismatch
120335,2,1,Mismatch
120336,2,1,Mismatch
120337,2,1,Mismatch
120338,2,1,Mismatch
120339,2,1,Mismatch
120340,2,1,Mismatch
120341,2,1,Mismatch
120342,2,1,Mismatch
120343,2,1,Mismatch
120344,2,1,Mismatch
120345,2,1,Mismatch
120346,2,1,Mismatch
120347,2,1,Mismatch
120348,2,1,Mismatch
120349,2,1,Mismatch
120350,2,1,Mismatch
120351,2,1,Mismatch
120352,0,1,Mismatch
120353,0,1,Mismatch
120354,0,1,Mismatch
120355,0,1,Mismatch
120356,0,1,Mismatch
120357,0,1,Mismatch
120358,0,1,Mismatch
120359,0,1,Mismatch
120360,0,1,Mismatch
120361,0,1,Mismatch
120362,0,1,Mismatch
120363,0,1,Mismatch
120364,0,1,Mismatch
120365,0,1,Mismatch
120366,0,1,Mismatch
120367,0,1,Mismatch
120368,0,1,Mismatch
120369,0,1,Mismatch
120370,0,1,Mismatch
120371,0,1,Mismatch
120372,0,1,Mismatch
120373,0,1,Mismatch
120374,0,1,Mismatch
120375,0,1,Mismatch
120376,0,1,Mismatch
120377,0,1,Mismatch
120378,0,1,Mismatch
120379,0,1,Mismatch
120380,0,1,Mismatch
120381,0,1,Mismatch
120382,0,1,Mismatch
120383,0,1,Mismatch
120384,0,1,Mismatch
120385,0,1,Mismatch
120386,0,1,Mismatch
120387,0,1,Mismatch
120388,0,1,Mismatch
120389,0,1,Mismatch
120390,0,1,Mismatch
120391,0,1,Mismatch
120392,0,1,Mismatch
120393,0,1,Mismatch
120394,0,1,Mismatch
120395,0,1,Mismatch
120396,0,1,Mismatch
120397,0,1,Mismatch
120398,0,1,Mismatch
120399,0,1,Mismatch
120400,0,1,Mismatch
120401,0,1,Mismatch
120402,0,1,Mismatch
120403,0,1,Mismatch
120404,0,1,Mismatch
120405,0,1,Mismatch
120406,0,1,Mismatch
120407,0,1,Mismatch
120408,0,1,Mismatch
120409,0,1,Mismatch
120410,0,1,Mismatch
120411,0,1,Mismatch
120412,0,1,Mismatch
120413,0,1,Mismatch
120414,0,1,Mismatch
120415,0,1,Mismatch
120416,0,1,Mismatch
120417,0,1,Mismatch
120418,0,1,Mismatch
120419,0,1,Mismatch
120420,0,1,Mismatch
120421,0,1,Mismatch
120422,0,1,Mismatch
120423,0,1,Mismatch
120424,0,1,Mismatch
120425,0,1,Mismatch
120426,0,1,Mismatch
120427,0,1,Mismatch
120428,0,1,Mismatch
120429,0,1,Mismatch
120430,0,1,Mismatch
120431,0,1,Mismatch
120432,0,1,Mismatch
120433,0,1,Mismatch
120434,0,1,Mismatch
120435,0,1,Mismatch
120436,0,1,Mismatch
120437,0,1,Mismatch
120438,0,1,Mismatch
120439,0,1,Mismatch
120440,0,1,Mismatch
120441,0,1,Mismatch
120442,0,1,Mismatch
120443,0,1,Mismatch
120444,0,1,Mismatch
120445,0,1,Mismatch
120446,0,1,Mismatch
120447,0,1,Mismatch
120448,0,1,Mismatch
120449,0,1,Mismatch
120450,0,1,Mismatch
120451,0,1,Mismatch
120452,0,1,Mismatch
120453,0,1,Mismatch
120454,0,1,Mismatch
120455,0,1,Mismatch
120456,0,1,Mismatch
120457,0,2,Mismatch
120458,0,2,Mismatch
120459,0,2,Mismatch
120460,0,2,Mismatch
120461,0,2,Mismatch
120462,0,2,Mismatch
120463,0,2,Mismatch
120464,0,2,Mismatch
120465,0,2,Mismatch
120466,0,2,Mismatch
120467,0,2,Mismatch
120468,0,2,Mismatch
120469,0,2,Mismatch
120470,0,2,Mismatch
120471,0,2,Mismatch
120472,0,2,Mismatch
120473,0,2,Mismatch
120474,0,2,Mismatch
120475,0,2,Mismatch
120476,0,2,Mismatch
120477,0,2,Mismatch
120478,0,2,Mismatch
120479,0,2,Mismatch
120480,0,2,Mismatch
120481,0,2,Mismatch
120583,-9,2,Missing Frame in File 1
120584,-9,2,Missing Frame in File 1
120585,-9,2,Missing Frame in File 1
120586,-9,2,Missing Frame in File 1
120587,-9,2,Missing Frame in File 1
120588,-9,2,Missing Frame in File 1
120589,-9,2,Missing Frame in File 1
120590,-9,2,Missing Frame in File 1
120591,-9,2,Missing Frame in File 1
120592,-9,2,Missing Frame in File 1
121205,-9,1,Missing Frame in File 1
121206,-9,1,Missing Frame in File 1
121207,-9,1,Missing Frame in File 1
121208,-9,1,Missing Frame in File 1
121209,-9,1,Missing Frame in File 1
121210,-9,1,Missing Frame in File 1
121211,-9,1,Missing Frame in File 1
121212,-9,1,Missing Frame in File 1
121213,-9,1,Missing Frame in File 1
121214,-9,1,Missing Frame in File 1
121215,-9,1,Missing Frame in File 1
121216,-9,1,Missing Frame in File 1
121217,-9,1,Missing Frame in File 1
121218,-9,1,Missing Frame in File 1
121219,-9,1,Missing Frame in File 1
121220,-9,1,Missing Frame in File 1
121221,-9,1,Missing Frame in File 1
121222,2,1,Mismatch
121223,2,1,Mismatch
121224,2,1,Mismatch
121225,2,1,Mismatch
121226,2,1,Mismatch
121227,2,1,Mismatch
121228,2,1,Mismatch
121229,2,1,Mismatch
121230,2,1,Mismatch
121231,2,1,Mismatch
121232,2,1,Mismatch
121233,2,1,Mismatch
121234,2,1,Mismatch
121235,2,1,Mismatch
121236,2,1,Mismatch
121237,2,1,Mismatch
121238,2,1,Mismatch
121239,2,1,Mismatch
121240,2,1,Mismatch
121241,2,1,Mismatch
121242,2,1,Mismatch
121243,2,1,Mismatch
121244,2,1,Mismatch
121245,2,1,Mismatch
121246,2,1,Mismatch
121247,2,1,Mismatch
121248,2,1,Mismatch
121249,2,1,Mismatch
121250,2,1,Mismatch
121251,2,1,Mismatch
121252,2,1,Mismatch
121253,2,1,Mismatch
121254,2,1,Mismatch
121255,2,1,Mismatch
121256,2,1,Mismatch
121257,2,1,Mismatch
121258,2,1,Mismatch
121259,2,1,Mismatch
121260,2,1,Mismatch
121261,2,1,Mismatch
121262,2,1,Mismatch
121263,2,1,Mismatch
121264,2,1,Mismatch
121265,2,1,Mismatch
121266,2,1,Mismatch
121267,2,1,Mismatch
121268,2,1,Mismatch
121269,2,1,Mismatch
121270,2,1,Mismatch
121271,2,1,Mismatch
121272,2,1,Mismatch
121273,2,1,Mismatch
121274,2,1,Mismatch
121275,2,1,Mismatch
121276,2,1,Mismatch
121277,2,1,Mismatch
121278,2,1,Mismatch
121279,2,1,Mismatch
121280,2,1,Mismatch
121281,2,1,Mismatch
121282,2,1,Mismatch
121283,0,1,Mismatch
121284,0,1,Mismatch
121285,0,1,Mismatch
121286,0,1,Mismatch
121287,0,1,Mismatch
121288,0,1,Mismatch
121289,0,1,Mismatch
121290,0,1,Mismatch
121291,0,1,Mismatch
121292,0,1,Mismatch
121293,0,1,Mismatch
121294,0,1,Mismatch
121295,0,1,Mismatch
121296,0,1,Mismatch
121297,0,1,Mismatch
121298,0,1,Mismatch
121299,0,1,Mismatch
121300,0,1,Mismatch
121301,0,1,Mismatch
121302,0,1,Mismatch
121303,0,1,Mismatch
121304,-9,1,Missing Frame in File 1
121305,-9,1,Missing Frame in File 1
121306,-9,1,Missing Frame in File 1
121307,-9,1,Missing Frame in File 1
121308,-9,1,Missing Frame in File 1
121309,-9,1,Missing Frame in File 1
121310,-9,1,Missing Frame in File 1
121311,-9,1,Missing Frame in File 1
121312,-9,1,Missing Frame in File 1
121313,-9,1,Missing Frame in File 1
121314,-9,1,Missing Frame in File 1
121315,-9,1,Missing Frame in File 1
121316,-9,1,Missing Frame in File 1
121317,-9,1,Missing Frame in File 1
121318,-9,1,Missing Frame in File 1
121319,-9,1,Missing Frame in File 1
121320,-9,1,Missing Frame in File 1
121321,-9,1,Missing Frame in File 1
121322,-9,1,Missing Frame in File 1
121323,-9,1,Missing Frame in File 1
121324,-9,1,Missing Frame in File 1
121325,-9,1,Missing Frame in File 1
121326,-9,1,Missing Frame in File 1
121327,-9,1,Missing Frame in File 1
121328,-9,1,Missing Frame in File 1
121329,-9,1,Missing Frame in File 1
121330,-9,1,Missing Frame in File 1
121331,-9,1,Missing Frame in File 1
121332,-9,1,Missing Frame in File 1
121333,-9,1,Missing Frame in File 1
121334,-9,1,Missing Frame in File 1
121335,-9,1,Missing Frame in File 1
121336,-9,1,Missing Frame in File 1
121337,-9,1,Missing Frame in File 1
121338,-9,1,Missing Frame in File 1
121339,-9,1,Missing Frame in File 1
121340,-9,1,Missing Frame in File 1
121341,-9,1,Missing Frame in File 1
121342,-9,1,Missing Frame in File 1
121343,-9,1,Missing Frame in File 1
121344,-9,1,Missing Frame in File 1
121345,-9,1,Missing Frame in File 1
121346,-9,1,Missing Frame in File 1
121347,-9,1,Missing Frame in File 1
121348,-9,1,Missing Frame in File 1
121349,-9,1,Missing Frame in File 1
121350,-9,1,Missing Frame in File 1
121351,-9,1,Missing Frame in File 1
121352,-9,1,Missing Frame in File 1
121353,-9,1,Missing Frame in File 1
121354,-9,1,Missing Frame in File 1
121355,-9,1,Missing Frame in File 1
121356,-9,1,Missing Frame in File 1
121357,-9,1,Missing Frame in File 1
121358,-9,1,Missing Frame in File 1
121359,-9,1,Missing Frame in File 1
121360,-9,1,Missing Frame in File 1
121361,-9,1,Missing Frame in File 1
121362,-9,1,Missing Frame in File 1
121363,-9,1,Missing Frame in File 1
121364,-9,1,Missing Frame in File 1
121365,-9,1,Missing Frame in File 1
121366,-9,1,Missing Frame in File 1
121367,-9,1,Missing Frame in File 1
121368,-9,1,Missing Frame in File 1
121369,-9,1,Missing Frame in File 1
121370,-9,1,Missing Frame in File 1
121483,1,-9,Missing Frame in File 2
121549,0,1,Mismatch
121550,0,1,Mismatch
121551,0,1,Mismatch
121552,0,1,Mismatch
121553,0,1,Mismatch
121554,0,1,Mismatch
121555,0,1,Mismatch
121556,0,1,Mismatch
121557,0,1,Mismatch
121558,0,1,Mismatch
121559,0,1,Mismatch
121560,0,1,Mismatch
121561,0,1,Mismatch
121562,0,1,Mismatch
121563,0,1,Mismatch
121564,0,1,Mismatch
121565,0,1,Mismatch
121566,0,1,Mismatch
121567,0,1,Mismatch
121568,0,1,Mismatch
121569,0,1,Mismatch
121570,0,1,Mismatch
121571,0,1,Mismatch
121572,0,1,Mismatch
121573,0,1,Mismatch
121574,0,1,Mismatch
121575,0,1,Mismatch
121576,0,1,Mismatch
121577,0,1,Mismatch
121578,0,1,Mismatch
121579,0,1,Mismatch
121580,0,1,Mismatch
121581,0,1,Mismatch
121582,0,1,Mismatch
121583,0,1,Mismatch
121584,0,1,Mismatch
121585,0,1,Mismatch
121586,0,1,Mismatch
121587,0,1,Mismatch
121588,0,1,Mismatch
121589,0,1,Mismatch
121590,0,1,Mismatch
121591,0,1,Mismatch
121592,0,1,Mismatch
121593,0,1,Mismatch
121594,0,1,Mismatch
121595,0,1,Mismatch
121596,0,1,Mismatch
121597,0,1,Mismatch
121598,0,1,Mismatch
121599,0,1,Mismatch
121600,0,1,Mismatch
121601,0,1,Mismatch
121602,0,1,Mismatch
121603,0,1,Mismatch
121604,0,1,Mismatch
121605,0,1,Mismatch
121606,0,1,Mismatch
121607,0,1,Mismatch
121608,0,1,Mismatch
121609,0,1,Mismatch
121610,0,1,Mismatch
121611,0,1,Mismatch
121612,0,1,Mismatch
121613,0,1,Mismatch
121614,0,1,Mismatch
121615,0,1,Mismatch
121616,0,1,Mismatch
121617,0,1,Mismatch
121618,0,1,Mismatch
121619,0,1,Mismatch
121620,0,1,Mismatch
121621,0,1,Mismatch
121622,0,1,Mismatch
121623,0,1,Mismatch
121624,0,1,Mismatch
121625,0,1,Mismatch
121626,0,1,Mismatch
121627,0,1,Mismatch
121628,0,1,Mismatch
121629,0,1,Mismatch
121630,0,1,Mismatch
121631,0,1,Mismatch
121632,0,1,Mismatch
121633,0,1,Mismatch
121634,0,1,Mismatch
121635,0,1,Mismatch
121636,0,1,Mismatch
121637,0,1,Mismatch
121638,0,1,Mismatch
121639,0,1,Mismatch
121640,0,1,Mismatch
121641,0,1,Mismatch
121642,0,1,Mismatch
121643,0,1,Mismatch
121644,0,1,Mismatch
121645,0,1,Mismatch
121646,0,1,Mismatch
121647,0,1,Mismatch
121648,0,1,Mismatch
121649,0,1,Mismatch
121650,0,1,Mismatch
121651,0,1,Mismatch
121652,0,1,Mismatch
121653,0,1,Mismatch
121654,0,1,Mismatch
121655,0,1,Mismatch
121656,0,1,Mismatch
121657,0,1,Mismatch
121658,0,1,Mismatch
121659,0,1,Mismatch
121660,0,1,Mismatch
121661,0,1,Mismatch
121662,0,1,Mismatch
121663,0,1,Mismatch
121664,0,1,Mismatch
121665,0,1,Mismatch
121666,0,1,Mismatch
121667,0,1,Mismatch
121668,0,1,Mismatch
121669,0,1,Mismatch
121670,0,1,Mismatch
121671,0,1,Mismatch
121672,0,1,Mismatch
121673,0,1,Mismatch
121674,0,1,Mismatch
121675,0,1,Mismatch
121676,0,1,Mismatch
121677,0,1,Mismatch
121678,0,1,Mismatch
121679,0,1,Mismatch
121680,0,1,Mismatch
121681,0,1,Mismatch
121682,0,1,Mismatch
121683,0,1,Mismatch
121684,0,1,Mismatch
121685,0,1,Mismatch
121686,0,1,Mismatch
121687,0,1,Mismatch
121688,0,1,Mismatch
121689,0,1,Mismatch
121690,0,1,Mismatch
121691,0,1,Mismatch
121692,0,1,Mismatch
121693,0,1,Mismatch
121694,0,1,Mismatch
121695,0,1,Mismatch
121696,0,1,Mismatch
121697,0,1,Mismatch
121698,0,1,Mismatch
121699,0,1,Mismatch
121700,0,1,Mismatch
121701,0,1,Mismatch
121702,0,1,Mismatch
121703,0,1,Mismatch
121704,0,1,Mismatch
121705,0,1,Mismatch
121706,0,1,Mismatch
121707,0,1,Mismatch
121708,0,1,Mismatch
121709,0,1,Mismatch
121710,0,1,Mismatch
121711,0,1,Mismatch
121712,0,1,Mismatch
121713,0,1,Mismatch
121714,0,1,Mismatch
121715,0,1,Mismatch
121716,0,1,Mismatch
121717,0,1,Mismatch
121718,0,1,Mismatch
121719,0,1,Mismatch
121720,0,1,Mismatch
121721,0,1,Mismatch
121722,0,1,Mismatch
121723,0,1,Mismatch
121724,0,1,Mismatch
121725,0,1,Mismatch
121726,0,1,Mismatch
121727,0,1,Mismatch
121728,0,1,Mismatch
121729,0,1,Mismatch
121730,0,1,Mismatch
121731,0,1,Mismatch
121732,0,1,Mismatch
121733,0,1,Mismatch
121734,0,1,Mismatch
121735,0,1,Mismatch
121736,0,1,Mismatch
121737,0,1,Mismatch
121738,0,1,Mismatch
121739,0,1,Mismatch
121740,0,1,Mismatch
121741,0,1,Mismatch
121742,0,1,Mismatch
121743,0,1,Mismatch
121744,0,1,Mismatch
121745,0,1,Mismatch
121746,0,1,Mismatch
121747,0,1,Mismatch
121748,0,1,Mismatch
121749,0,1,Mismatch
121750,0,1,Mismatch
121751,0,1,Mismatch
121752,0,1,Mismatch
121753,0,1,Mismatch
121754,0,1,Mismatch
121755,0,1,Mismatch
121756,0,1,Mismatch
121757,0,1,Mismatch
121758,0,1,Mismatch
121759,0,1,Mismatch
121760,0,1,Mismatch
121761,0,1,Mismatch
121762,0,1,Mismatch
121763,0,1,Mismatch
121764,0,1,Mismatch
121765,0,1,Mismatch
121766,0,1,Mismatch
121767,0,1,Mismatch
121768,0,1,Mismatch
121769,0,1,Mismatch
121770,0,1,Mismatch
121771,0,1,Mismatch
121772,0,1,Mismatch
121773,0,1,Mismatch
121774,0,1,Mismatch
121775,0,1,Mismatch
121776,0,1,Mismatch
121777,0,1,Mismatch
121778,0,1,Mismatch
121779,0,1,Mismatch
121780,0,1,Mismatch
121781,0,1,Mismatch
121782,0,1,Mismatch
121783,0,1,Mismatch
121784,0,1,Mismatch
121785,0,1,Mismatch
121786,0,1,Mismatch
121787,0,1,Mismatch
121788,0,1,Mismatch
121789,0,1,Mismatch
121790,0,1,Mismatch
121791,0,1,Mismatch
121792,0,1,Mismatch
121874,0,1,Mismatch
121875,0,1,Mismatch
121876,0,1,Mismatch
121877,0,1,Mismatch
121878,0,1,Mismatch
121879,0,1,Mismatch
121880,0,1,Mismatch
121881,0,1,Mismatch
121882,0,1,Mismatch
121883,0,1,Mismatch
121884,0,1,Mismatch
121885,0,1,Mismatch
121886,0,1,Mismatch
121887,0,1,Mismatch
121888,0,1,Mismatch
121889,0,1,Mismatch
121890,0,1,Mismatch
121891,0,1,Mismatch
121892,0,1,Mismatch
121893,0,1,Mismatch
121894,0,1,Mismatch
121895,0,1,Mismatch
121896,0,1,Mismatch
121897,0,1,Mismatch
121898,0,1,Mismatch
121899,0,1,Mismatch
121900,0,1,Mismatch
121901,0,1,Mismatch
121902,0,1,Mismatch
121903,0,1,Mismatch
121904,0,1,Mismatch
121905,0,1,Mismatch
121906,0,1,Mismatch
121907,0,1,Mismatch
121908,0,1,Mismatch
121909,0,1,Mismatch
121910,0,1,Mismatch
121911,0,1,Mismatch
121912,0,1,Mismatch
121913,0,1,Mismatch
121914,0,1,Mismatch
121915,0,1,Mismatch
121916,0,1,Mismatch
121917,0,1,Mismatch
121918,2,1,Mismatch
121919,2,1,Mismatch
121920,2,1,Mismatch
121921,2,1,Mismatch
121922,2,1,Mismatch
121923,2,1,Mismatch
121924,2,1,Mismatch
121925,2,1,Mismatch
121926,2,1,Mismatch
121927,2,1,Mismatch
121928,2,1,Mismatch
121929,2,1,Mismatch
121930,2,1,Mismatch
121931,2,1,Mismatch
121932,2,1,Mismatch
121933,2,1,Mismatch
121934,2,1,Mismatch
121935,2,1,Mismatch
121936,2,1,Mismatch
121937,2,1,Mismatch
121938,2,1,Mismatch
121939,2,1,Mismatch
121940,0,1,Mismatch
121941,0,1,Mismatch
121942,0,1,Mismatch
121943,0,1,Mismatch
121944,0,1,Mismatch
121945,0,1,Mismatch
121946,0,1,Mismatch
121947,0,1,Mismatch
121948,0,1,Mismatch
121949,0,1,Mismatch
121950,0,1,Mismatch
121951,0,1,Mismatch
121952,0,1,Mismatch
121953,0,1,Mismatch
121954,0,1,Mismatch
121955,0,1,Mismatch
121956,0,1,Mismatch
121957,0,1,Mismatch
121958,0,1,Mismatch
121959,0,1,Mismatch
121960,0,1,Mismatch
121961,0,1,Mismatch
121962,0,1,Mismatch
121963,0,1,Mismatch
121964,0,1,Mismatch
121965,0,1,Mismatch
121966,0,1,Mismatch
121967,0,1,Mismatch
121968,0,1,Mismatch
121969,0,1,Mismatch
121970,0,1,Mismatch
121971,0,1,Mismatch
121972,0,1,Mismatch
121973,0,1,Mismatch
121974,0,1,Mismatch
121975,0,1,Mismatch
121976,0,1,Mismatch
121977,0,1,Mismatch
121978,0,1,Mismatch
121979,0,1,Mismatch
121980,0,1,Mismatch
121981,0,1,Mismatch
121982,0,1,Mismatch
121983,0,1,Mismatch
121984,0,1,Mismatch
121985,0,1,Mismatch
121986,0,1,Mismatch
121987,0,1,Mismatch
121988,0,1,Mismatch
121989,0,1,Mismatch
121990,0,1,Mismatch
121991,0,1,Mismatch
121992,0,1,Mismatch
121993,0,1,Mismatch
121994,0,1,Mismatch
121995,0,1,Mismatch
121996,0,1,Mismatch
121997,0,1,Mismatch
121998,0,1,Mismatch
121999,0,1,Mismatch
122000,0,1,Mismatch
122001,0,1,Mismatch
122002,0,1,Mismatch
122003,0,1,Mismatch
122004,0,1,Mismatch
122005,0,1,Mismatch
122006,0,1,Mismatch
122007,0,1,Mismatch
122008,0,1,Mismatch
122009,0,1,Mismatch
122010,0,1,Mismatch
122011,0,1,Mismatch
122012,0,1,Mismatch
122013,0,1,Mismatch
122014,0,1,Mismatch
122015,0,1,Mismatch
122016,0,1,Mismatch
122017,0,1,Mismatch
122018,0,1,Mismatch
122019,0,1,Mismatch
122020,0,1,Mismatch
122021,0,1,Mismatch
122022,0,1,Mismatch
122023,0,1,Mismatch
122024,0,1,Mismatch
122025,0,1,Mismatch
122026,0,1,Mismatch
122027,0,1,Mismatch
122028,0,1,Mismatch
122029,0,1,Mismatch
122030,0,1,Mismatch
122031,0,1,Mismatch
122032,0,1,Mismatch
122033,0,1,Mismatch
122034,0,1,Mismatch
122035,0,1,Mismatch
122036,0,1,Mismatch
122037,0,1,Mismatch
122038,0,1,Mismatch
122039,0,1,Mismatch
122040,0,1,Mismatch
122041,0,1,Mismatch
122042,0,1,Mismatch
122043,0,1,Mismatch
122044,0,1,Mismatch
122045,0,1,Mismatch
122046,0,1,Mismatch
122047,0,1,Mismatch
122048,0,1,Mismatch
122049,0,1,Mismatch
122050,0,1,Mismatch
122051,0,1,Mismatch
122052,0,1,Mismatch
122053,0,1,Mismatch
122054,0,1,Mismatch
122055,0,1,Mismatch
122056,0,1,Mismatch
122057,0,1,Mismatch
122058,0,1,Mismatch
122059,0,1,Mismatch
122060,0,1,Mismatch
122061,0,1,Mismatch
122062,0,1,Mismatch
122063,0,1,Mismatch
122064,0,1,Mismatch
122065,0,1,Mismatch
122066,0,1,Mismatch
122067,0,1,Mismatch
122068,0,1,Mismatch
122069,0,1,Mismatch
122070,0,1,Mismatch
122071,0,1,Mismatch
122072,0,1,Mismatch
122073,0,1,Mismatch
122074,0,1,Mismatch
122075,0,1,Mismatch
122076,0,1,Mismatch
122077,0,1,Mismatch
122078,0,1,Mismatch
122079,0,1,Mismatch
122080,0,1,Mismatch
122081,0,1,Mismatch
122082,0,1,Mismatch
122083,0,1,Mismatch
122084,0,1,Mismatch
122085,0,1,Mismatch
122086,0,1,Mismatch
122087,0,1,Mismatch
122088,0,1,Mismatch
122089,0,1,Mismatch
122090,0,1,Mismatch
122091,0,1,Mismatch
122092,0,1,Mismatch
122093,0,1,Mismatch
122094,0,1,Mismatch
122095,0,1,Mismatch
122096,0,1,Mismatch
122097,0,1,Mismatch
122098,0,1,Mismatch
122099,0,1,Mismatch
122100,0,1,Mismatch
122101,0,1,Mismatch
122102,0,1,Mismatch
122103,0,1,Mismatch
122104,0,1,Mismatch
122105,0,1,Mismatch
122106,0,1,Mismatch
122107,0,1,Mismatch
122108,0,1,Mismatch
122109,0,1,Mismatch
122110,0,1,Mismatch
122111,0,1,Mismatch
122112,0,1,Mismatch
122113,0,1,Mismatch
122114,0,1,Mismatch
122115,0,1,Mismatch
122116,0,1,Mismatch
122117,0,1,Mismatch
122118,0,1,Mismatch
122119,0,1,Mismatch
122120,0,1,Mismatch
122121,0,1,Mismatch
122122,0,1,Mismatch
122123,0,1,Mismatch
122124,0,1,Mismatch
122125,0,1,Mismatch
122126,0,1,Mismatch
122127,-9,1,Mismatch
122128,-9,1,Mismatch
122296,0,-9,Missing Frame in File 2
122297,0,-9,Missing Frame in File 2
122298,0,-9,Missing Frame in File 2
122299,0,-9,Missing Frame in File 2
122300,0,-9,Missing Frame in File 2
122301,0,-9,Missing Frame in File 2
122302,0,-9,Missing Frame in File 2
122303,0,-9,Missing Frame in File 2
122304,0,-9,Missing Frame in File 2
122305,0,-9,Missing Frame in File 2
122306,0,-9,Missing Frame in File 2
122307,0,-9,Missing Frame in File 2
122308,0,-9,Missing Frame in File 2
122309,0,-9,Missing Frame in File 2
122310,0,-9,Missing Frame in File 2
122311,0,-9,Missing Frame in File 2
122312,0,-9,Missing Frame in File 2
122313,0,-9,Missing Frame in File 2
122314,0,-9,Missing Frame in File 2
122315,0,-9,Missing Frame in File 2
122316,0,-9,Missing Frame in File 2
122317,0,-9,Missing Frame in File 2
122318,0,-9,Missing Frame in File 2
122319,0,-9,Missing Frame in File 2
122320,0,-9,Missing Frame in File 2
122321,0,-9,Missing Frame in File 2
122322,0,-9,Missing Frame in File 2
122323,0,-9,Missing Frame in File 2
122324,0,-9,Missing Frame in File 2
122325,0,-9,Missing Frame in File 2
122326,0,-9,Missing Frame in File 2
122327,0,-9,Missing Frame in File 2
122328,0,-9,Missing Frame in File 2
122329,0,-9,Missing Frame in File 2
122330,0,-9,Missing Frame in File 2
122331,0,-9,Missing Frame in File 2
122332,0,-9,Missing Frame in File 2
122333,0,-9,Missing Frame in File 2
122334,0,-9,Missing Frame in File 2
122335,0,-9,Missing Frame in File 2
122336,0,-9,Missing Frame in File 2
122337,0,-9,Missing Frame in File 2
122338,0,-9,Missing Frame in File 2
122339,0,-9,Missing Frame in File 2
122340,0,-9,Missing Frame in File 2
122341,0,-9,Missing Frame in File 2
122342,0,-9,Missing Frame in File 2
122343,0,-9,Missing Frame in File 2
122344,0,-9,Missing Frame in File 2
122345,0,-9,Missing Frame in File 2
122346,0,-9,Missing Frame in File 2
122347,0,-9,Missing Frame in File 2
122348,0,-9,Missing Frame in File 2
122349,0,-9,Missing Frame in File 2
122350,0,-9,Missing Frame in File 2
122351,0,-9,Missing Frame in File 2
122352,0,-9,Missing Frame in File 2
122353,0,-9,Missing Frame in File 2
122354,0,-9,Missing Frame in File 2
122355,0,-9,Missing Frame in File 2
122356,0,-9,Missing Frame in File 2
122357,0,-9,Missing Frame in File 2
122358,0,-9,Missing Frame in File 2
122359,0,-9,Missing Frame in File 2
122360,0,-9,Missing Frame in File 2
122361,0,-9,Missing Frame in File 2
122362,0,-9,Missing Frame in File 2
122363,0,-9,Missing Frame in File 2
122364,0,-9,Missing Frame in File 2
122365,0,-9,Missing Frame in File 2
122366,0,-9,Missing Frame in File 2
122367,0,-9,Missing Frame in File 2
122368,0,-9,Missing Frame in File 2
122369,0,-9,Missing Frame in File 2
122370,0,-9,Missing Frame in File 2
122371,0,-9,Missing Frame in File 2
122372,0,-9,Missing Frame in File 2
122373,0,-9,Missing Frame in File 2
122374,0,-9,Missing Frame in File 2
122375,0,-9,Missing Frame in File 2
122376,0,-9,Missing Frame in File 2
122377,0,-9,Missing Frame in File 2
122378,0,-9,Missing Frame in File 2
122379,0,-9,Missing Frame in File 2
122380,0,-9,Missing Frame in File 2
122381,0,-9,Missing Frame in File 2
122382,0,-9,Missing Frame in File 2
122383,0,-9,Missing Frame in File 2
122384,0,-9,Missing Frame in File 2
122385,0,-9,Missing Frame in File 2
122386,0,-9,Missing Frame in File 2
122387,0,-9,Missing Frame in File 2
122388,0,-9,Missing Frame in File 2
122389,0,-9,Missing Frame in File 2
122390,0,-9,Missing Frame in File 2
122391,0,-9,Missing Frame in File 2
122392,0,-9,Missing Frame in File 2
122393,0,-9,Missing Frame in File 2
122394,0,-9,Missing Frame in File 2
122395,0,-9,Missing Frame in File 2
122396,0,-9,Missing Frame in File 2
122397,0,-9,Missing Frame in File 2
122398,0,-9,Missing Frame in File 2
122399,0,-9,Missing Frame in File 2
122400,0,-9,Missing Frame in File 2
122401,0,-9,Missing Frame in File 2
122402,0,-9,Missing Frame in File 2
122403,0,-9,Missing Frame in File 2
122404,0,-9,Missing Frame in File 2
122405,0,-9,Missing Frame in File 2
122406,0,-9,Missing Frame in File 2
122407,0,-9,Missing Frame in File 2
122408,0,-9,Missing Frame in File 2
122409,0,-9,Missing Frame in File 2
122410,-9,-9,Missing Frame in File 2
123142,0,-9,Missing Frame in File 2
123143,0,-9,Missing Frame in File 2
123144,0,-9,Missing Frame in File 2
123145,0,-9,Missing Frame in File 2
123146,0,-9,Missing Frame in File 2
123147,0,-9,Missing Frame in File 2
123148,0,-9,Missing Frame in File 2
123149,0,-9,Missing Frame in File 2
123150,0,-9,Missing Frame in File 2
123151,0,-9,Missing Frame in File 2
123152,0,-9,Missing Frame in File 2
123153,0,-9,Missing Frame in File 2
123154,0,-9,Missing Frame in File 2
123155,0,-9,Missing Frame in File 2
123156,0,-9,Missing Frame in File 2
123157,0,-9,Missing Frame in File 2
123158,0,-9,Missing Frame in File 2
123159,0,-9,Missing Frame in File 2
123160,0,-9,Missing Frame in File 2
123161,0,-9,Missing Frame in File 2
123162,0,-9,Missing Frame in File 2
123163,0,-9,Missing Frame in File 2
123164,0,-9,Missing Frame in File 2
123165,0,-9,Missing Frame in File 2
123166,0,-9,Missing Frame in File 2
123167,0,-9,Missing Frame in File 2
123168,3,-9,Missing Frame in File 2
123169,3,-9,Missing Frame in File 2
123170,3,-9,Missing Frame in File 2
123171,3,-9,Missing Frame in File 2
123172,3,-9,Missing Frame in File 2
123173,3,-9,Missing Frame in File 2
123174,3,-9,Missing Frame in File 2
123175,3,-9,Missing Frame in File 2
123176,3,-9,Missing Frame in File 2
123177,3,-9,Missing Frame in File 2
123178,3,-9,Missing Frame in File 2
123179,3,-9,Missing Frame in File 2
123180,3,-9,Missing Frame in File 2
123181,3,-9,Missing Frame in File 2
123182,3,-9,Missing Frame in File 2
123183,3,-9,Missing Frame in File 2
123184,3,-9,Missing Frame in File 2
123185,3,-9,Missing Frame in File 2
123186,3,-9,Missing Frame in File 2
123187,3,-9,Missing Frame in File 2
123188,3,-9,Missing Frame in File 2
123189,3,-9,Missing Frame in File 2
123190,3,-9,Missing Frame in File 2
123191,3,-9,Missing Frame in File 2
123192,3,-9,Missing Frame in File 2
123193,3,-9,Missing Frame in File 2
123194,3,-9,Missing Frame in File 2
123195,3,-9,Missing Frame in File 2
123196,3,-9,Missing Frame in File 2
123197,3,-9,Missing Frame in File 2
123198,3,-9,Missing Frame in File 2
123199,3,-9,Missing Frame in File 2
123200,3,-9,Missing Frame in File 2
123201,3,-9,Missing Frame in File 2
123202,3,-9,Missing Frame in File 2
123203,3,-9,Missing Frame in File 2
123204,3,-9,Missing Frame in File 2
123205,3,-9,Missing Frame in File 2
123206,3,-9,Missing Frame in File 2
123207,3,-9,Missing Frame in File 2
123208,3,-9,Missing Frame in File 2
123209,3,-9,Missing Frame in File 2
123210,3,-9,Missing Frame in File 2
123211,3,-9,Missing Frame in File 2
123212,3,-9,Missing Frame in File 2
123213,3,-9,Missing Frame in File 2
123214,3,-9,Missing Frame in File 2
123215,3,-9,Missing Frame in File 2
123216,3,-9,Missing Frame in File 2
123217,3,-9,Missing Frame in File 2
123218,3,-9,Missing Frame in File 2
123219,3,-9,Missing Frame in File 2
123220,3,-9,Missing Frame in File 2
123221,0,-9,Missing Frame in File 2
123222,0,-9,Missing Frame in File 2
123223,0,-9,Missing Frame in File 2
123224,0,-9,Missing Frame in File 2
123225,0,-9,Missing Frame in File 2
123226,0,-9,Missing Frame in File 2
123227,0,-9,Missing Frame in File 2
123228,0,-9,Missing Frame in File 2
123229,0,-9,Missing Frame in File 2
123230,0,-9,Missing Frame in File 2
123231,0,-9,Missing Frame in File 2
123232,0,-9,Missing Frame in File 2
123233,0,-9,Missing Frame in File 2
123234,0,-9,Missing Frame in File 2
123235,0,-9,Missing Frame in File 2
123236,0,-9,Missing Frame in File 2
123237,0,-9,Missing Frame in File 2
123238,0,-9,Missing Frame in File 2
123239,0,-9,Missing Frame in File 2
123240,0,-9,Missing Frame in File 2
123241,0,-9,Missing Frame in File 2
123242,0,-9,Missing Frame in File 2
123243,0,-9,Missing Frame in File 2
123244,0,-9,Missing Frame in File 2
123245,0,-9,Missing Frame in File 2
123246,0,-9,Missing Frame in File 2
123247,0,-9,Missing Frame in File 2
123248,0,-9,Missing Frame in File 2
123249,0,-9,Missing Frame in File 2
123250,0,-9,Missing Frame in File 2
123251,0,-9,Missing Frame in File 2
123252,0,-9,Missing Frame in File 2
123253,0,-9,Missing Frame in File 2
123254,0,-9,Missing Frame in File 2
123255,0,-9,Missing Frame in File 2
123256,0,-9,Missing Frame in File 2
123257,0,-9,Missing Frame in File 2
123258,0,-9,Missing Frame in File 2
123259,0,-9,Missing Frame in File 2
123260,0,-9,Missing Frame in File 2
123261,0,-9,Missing Frame in File 2
123262,0,-9,Missing Frame in File 2
123263,0,-9,Missing Frame in File 2
123264,0,-9,Missing Frame in File 2
123265,0,-9,Missing Frame in File 2
123266,0,-9,Missing Frame in File 2
123267,0,-9,Missing Frame in File 2
123268,0,-9,Missing Frame in File 2
123269,0,-9,Missing Frame in File 2
123270,0,-9,Missing Frame in File 2
123271,0,-9,Missing Frame in File 2
123272,0,-9,Missing Frame in File 2
123273,0,-9,Missing Frame in File 2
123274,0,-9,Missing Frame in File 2
123275,0,-9,Missing Frame in File 2
123276,0,-9,Missing Frame in File 2
123277,0,-9,Missing Frame in File 2
123278,0,-9,Missing Frame in File 2
123279,0,-9,Missing Frame in File 2
123280,0,-9,Missing Frame in File 2
123281,0,-9,Missing Frame in File 2
123282,0,-9,Missing Frame in File 2
123283,0,-9,Missing Frame in File 2
123284,0,-9,Missing Frame in File 2
123285,0,-9,Missing Frame in File 2
123286,0,-9,Missing Frame in File 2
123287,0,-9,Missing Frame in File 2
123288,0,-9,Missing Frame in File 2
123289,0,-9,Missing Frame in File 2
123290,0,-9,Missing Frame in File 2
123291,0,-9,Missing Frame in File 2
123292,0,-9,Missing Frame in File 2
123293,0,-9,Missing Frame in File 2
123294,0,-9,Missing Frame in File 2
123295,0,-9,Missing Frame in File 2
123296,0,-9,Missing Frame in File 2
123297,0,-9,Missing Frame in File 2
123298,0,-9,Missing Frame in File 2
123299,0,-9,Missing Frame in File 2
123300,0,-9,Missing Frame in File 2
123301,0,-9,Missing Frame in File 2
123302,0,-9,Missing Frame in File 2
123303,0,-9,Missing Frame in File 2
123304,0,-9,Missing Frame in File 2
123305,0,-9,Missing Frame in File 2
123306,0,-9,Missing Frame in File 2
123307,0,-9,Missing Frame in File 2
123308,0,-9,Missing Frame in File 2
123309,0,-9,Missing Frame in File 2
123310,0,-9,Missing Frame in File 2
123311,0,-9,Missing Frame in File 2
123312,0,-9,Missing Frame in File 2
123313,0,-9,Missing Frame in File 2
123314,0,-9,Missing Frame in File 2
123315,0,-9,Missing Frame in File 2
123316,0,-9,Missing Frame in File 2
123317,0,-9,Missing Frame in File 2
123318,0,-9,Missing Frame in File 2
123319,0,-9,Missing Frame in File 2
123320,0,-9,Missing Frame in File 2
123321,0,-9,Missing Frame in File 2
123322,0,-9,Missing Frame in File 2
123323,0,-9,Missing Frame in File 2
123324,0,-9,Missing Frame in File 2
123325,0,-9,Missing Frame in File 2
123326,0,-9,Missing Frame in File 2
123327,0,-9,Missing Frame in File 2
123328,0,-9,Missing Frame in File 2
123329,0,-9,Missing Frame in File 2
123330,0,-9,Missing Frame in File 2
123331,0,-9,Missing Frame in File 2
123332,0,-9,Missing Frame in File 2
123333,0,-9,Missing Frame in File 2
123334,0,-9,Missing Frame in File 2
123335,0,-9,Missing Frame in File 2
123336,0,-9,Missing Frame in File 2
123337,0,-9,Missing Frame in File 2
123338,0,-9,Missing Frame in File 2
123339,0,-9,Missing Frame in File 2
123340,0,-9,Missing Frame in File 2
123341,0,-9,Missing Frame in File 2
123342,0,-9,Missing Frame in File 2
123343,0,-9,Missing Frame in File 2
123344,0,-9,Missing Frame in File 2
123345,0,-9,Missing Frame in File 2
123346,0,-9,Missing Frame in File 2
123347,0,-9,Missing Frame in File 2
123348,0,-9,Missing Frame in File 2
123349,0,-9,Missing Frame in File 2
123350,0,-9,Missing Frame in File 2
123351,0,-9,Missing Frame in File 2
123352,0,-9,Missing Frame in File 2
123353,0,-9,Missing Frame in File 2
123354,0,-9,Missing Frame in File 2
123355,0,-9,Missing Frame in File 2
123356,0,-9,Missing Frame in File 2
123357,0,-9,Missing Frame in File 2
123358,0,-9,Missing Frame in File 2
123359,0,-9,Missing Frame in File 2
123360,0,-9,Missing Frame in File 2
123361,0,-9,Missing Frame in File 2
123362,0,-9,Missing Frame in File 2
123363,0,-9,Missing Frame in File 2
123364,0,-9,Missing Frame in File 2
123365,0,-9,Missing Frame in File 2
123366,0,-9,Missing Frame in File 2
123367,0,-9,Missing Frame in File 2
123368,0,-9,Missing Frame in File 2
123369,0,-9,Missing Frame in File 2
123370,0,-9,Missing Frame in File 2
123371,0,-9,Missing Frame in File 2
123372,0,-9,Missing Frame in File 2
123373,0,-9,Missing Frame in File 2
123374,0,-9,Missing Frame in File 2
123375,0,-9,Missing Frame in File 2
123376,0,-9,Missing Frame in File 2
123377,0,-9,Missing Frame in File 2
123378,0,-9,Missing Frame in File 2
123379,0,-9,Missing Frame in File 2
123380,0,-9,Missing Frame in File 2
123381,0,-9,Missing Frame in File 2
123382,0,-9,Missing Frame in File 2
123383,0,-9,Missing Frame in File 2
123384,0,-9,Missing Frame in File 2
123385,0,-9,Missing Frame in File 2
123386,0,-9,Missing Frame in File 2
123387,0,-9,Missing Frame in File 2
123388,0,-9,Missing Frame in File 2
123389,0,-9,Missing Frame in File 2
123390,0,-9,Missing Frame in File 2
123391,0,-9,Missing Frame in File 2
123392,0,-9,Missing Frame in File 2
123393,0,-9,Missing Frame in File 2
123394,0,-9,Missing Frame in File 2
123395,0,-9,Missing Frame in File 2
123396,0,-9,Missing Frame in File 2
123397,0,-9,Missing Frame in File 2
123398,0,-9,Missing Frame in File 2
123399,0,-9,Missing Frame in File 2
123400,0,-9,Missing Frame in File 2
123401,0,-9,Missing Frame in File 2
123402,0,-9,Missing Frame in File 2
123403,0,-9,Missing Frame in File 2
123404,0,-9,Missing Frame in File 2
123405,0,-9,Missing Frame in File 2
123406,0,-9,Missing Frame in File 2
123407,0,-9,Missing Frame in File 2
123408,0,-9,Missing Frame in File 2
123409,0,-9,Missing Frame in File 2
123410,0,-9,Missing Frame in File 2
123411,0,-9,Missing Frame in File 2
123412,0,-9,Missing Frame in File 2
123413,0,-9,Missing Frame in File 2
123414,0,-9,Missing Frame in File 2
123415,0,-9,Missing Frame in File 2
123416,0,-9,Missing Frame in File 2
123417,0,-9,Missing Frame in File 2
123418,0,-9,Missing Frame in File 2
123419,0,-9,Missing Frame in File 2
123420,0,-9,Missing Frame in File 2
123421,0,-9,Missing Frame in File 2
123422,0,-9,Missing Frame in File 2
123423,0,-9,Missing Frame in File 2
123424,0,-9,Missing Frame in File 2
123425,0,-9,Missing Frame in File 2
123426,0,-9,Missing Frame in File 2
123427,0,-9,Missing Frame in File 2
123428,0,-9,Missing Frame in File 2
123429,0,-9,Missing Frame in File 2
123430,0,-9,Missing Frame in File 2
123431,0,-9,Missing Frame in File 2
123432,0,-9,Missing Frame in File 2
123433,0,-9,Missing Frame in File 2
123434,0,-9,Missing Frame in File 2
123435,0,-9,Missing Frame in File 2
123436,0,-9,Missing Frame in File 2
123437,0,-9,Missing Frame in File 2
123438,0,-9,Missing Frame in File 2
123439,0,-9,Missing Frame in File 2
123440,0,-9,Missing Frame in File 2
123441,0,-9,Missing Frame in File 2
123442,0,-9,Missing Frame in File 2
123443,0,-9,Missing Frame in File 2
123444,0,-9,Missing Frame in File 2
127195,2,-9,Missing Frame in File 2
127196,2,-9,Missing Frame in File 2
127197,2,-9,Missing Frame in File 2
127198,2,-9,Missing Frame in File 2
127199,2,-9,Missing Frame in File 2
127200,2,-9,Missing Frame in File 2
127201,2,-9,Missing Frame in File 2
127202,2,-9,Missing Frame in File 2
127203,2,-9,Missing Frame in File 2
127204,2,-9,Missing Frame in File 2
127205,2,-9,Missing Frame in File 2
127206,2,-9,Missing Frame in File 2
127207,2,-9,Missing Frame in File 2
127208,2,-9,Missing Frame in File 2
127209,2,-9,Missing Frame in File 2
127210,2,-9,Missing Frame in File 2
127211,2,-9,Missing Frame in File 2
127212,2,-9,Missing Frame in File 2
127213,2,-9,Missing Frame in File 2
127214,2,-9,Missing Frame in File 2
127215,2,-9,Missing Frame in File 2
127216,2,-9,Missing Frame in File 2
127217,2,-9,Missing Frame in File 2
127218,2,-9,Missing Frame in File 2
127219,2,-9,Missing Frame in File 2
127220,2,-9,Missing Frame in File 2
127221,2,-9,Missing Frame in File 2
127222,2,-9,Missing Frame in File 2
127223,2,-9,Missing Frame in File 2
127224,2,-9,Missing Frame in File 2
127225,2,-9,Missing Frame in File 2
127226,2,-9,Missing Frame in File 2
127227,2,-9,Missing Frame in File 2
127228,2,-9,Missing Frame in File 2
127229,2,-9,Missing Frame in File 2
127230,2,-9,Missing Frame in File 2
127231,3,-9,Missing Frame in File 2
127232,3,-9,Missing Frame in File 2
127233,3,-9,Missing Frame in File 2
127234,3,-9,Missing Frame in File 2
127235,3,-9,Missing Frame in File 2
127236,3,-9,Missing Frame in File 2
127237,3,-9,Missing Frame in File 2
127238,3,-9,Missing Frame in File 2
127239,3,-9,Missing Frame in File 2
127240,3,-9,Missing Frame in File 2
127241,3,-9,Missing Frame in File 2
127242,3,-9,Missing Frame in File 2
127243,3,-9,Missing Frame in File 2
127244,3,-9,Missing Frame in File 2
127245,3,-9,Missing Frame in File 2
127246,3,-9,Missing Frame in File 2
127247,3,-9,Missing Frame in File 2
127248,3,-9,Missing Frame in File 2
127249,3,-9,Missing Frame in File 2
127250,3,-9,Missing Frame in File 2
127251,3,-9,Missing Frame in File 2
127252,3,-9,Missing Frame in File 2
127253,3,-9,Missing Frame in File 2
127254,3,-9,Missing Frame in File 2
127255,3,-9,Missing Frame in File 2
127256,1,-9,Missing Frame in File 2
127257,1,-9,Missing Frame in File 2
127258,1,-9,Missing Frame in File 2
127259,1,-9,Missing Frame in File 2
127260,1,-9,Missing Frame in File 2
127261,1,-9,Missing Frame in File 2
127262,1,-9,Missing Frame in File 2
127263,1,-9,Missing Frame in File 2
127264,1,-9,Missing Frame in File 2
127265,1,-9,Missing Frame in File 2
127266,1,-9,Missing Frame in File 2
127267,1,-9,Missing Frame in File 2
127268,1,-9,Missing Frame in File 2
127269,1,-9,Missing Frame in File 2
127270,1,-9,Missing Frame in File 2
127271,1,-9,Missing Frame in File 2
127272,1,-9,Missing Frame in File 2
127273,1,-9,Missing Frame in File 2
127274,1,-9,Missing Frame in File 2
127275,1,-9,Missing Frame in File 2
127276,1,-9,Missing Frame in File 2
127277,1,-9,Missing Frame in File 2
127278,1,-9,Missing Frame in File 2
127279,1,-9,Missing Frame in File 2
127280,1,-9,Missing Frame in File 2
127281,1,-9,Missing Frame in File 2
127282,1,-9,Missing Frame in File 2
127283,1,-9,Missing Frame in File 2
127284,1,-9,Missing Frame in File 2
127285,1,-9,Missing Frame in File 2
127286,1,-9,Missing Frame in File 2
127287,1,-9,Missing Frame in File 2
127288,1,-9,Missing Frame in File 2
127289,1,-9,Missing Frame in File 2
127290,1,-9,Missing Frame in File 2
127291,1,-9,Missing Frame in File 2
127292,1,-9,Missing Frame in File 2
127293,1,-9,Missing Frame in File 2
127294,1,-9,Missing Frame in File 2
127295,1,-9,Missing Frame in File 2
127296,1,-9,Missing Frame in File 2
127297,1,-9,Missing Frame in File 2
127298,1,-9,Missing Frame in File 2
127299,1,-9,Missing Frame in File 2
127300,1,-9,Missing Frame in File 2
127301,1,-9,Missing Frame in File 2
127302,1,-9,Missing Frame in File 2
127303,1,-9,Missing Frame in File 2
127304,1,-9,Missing Frame in File 2
127305,1,-9,Missing Frame in File 2
127306,1,-9,Missing Frame in File 2
127307,1,-9,Missing Frame in File 2
127308,1,-9,Missing Frame in File 2
127309,1,-9,Missing Frame in File 2
127310,1,-9,Missing Frame in File 2
127311,1,-9,Missing Frame in File 2
127312,1,-9,Missing Frame in File 2
127313,1,-9,Missing Frame in File 2
127314,1,-9,Missing Frame in File 2
127315,1,-9,Missing Frame in File 2
127316,1,-9,Missing Frame in File 2
127317,1,-9,Missing Frame in File 2
127318,1,-9,Missing Frame in File 2
127319,1,-9,Missing Frame in File 2
127320,1,-9,Missing Frame in File 2
127321,1,-9,Missing Frame in File 2
127322,1,-9,Missing Frame in File 2
127323,1,-9,Missing Frame in File 2
127324,1,-9,Missing Frame in File 2
127325,1,-9,Missing Frame in File 2
127326,1,-9,Missing Frame in File 2
127327,1,-9,Missing Frame in File 2
127328,1,-9,Missing Frame in File 2
127329,1,-9,Missing Frame in File 2
127330,1,-9,Missing Frame in File 2
127331,1,-9,Missing Frame in File 2
127332,1,-9,Missing Frame in File 2
127333,1,-9,Missing Frame in File 2
127334,1,-9,Missing Frame in File 2
127335,1,-9,Missing Frame in File 2
127336,1,-9,Missing Frame in File 2
127337,1,-9,Missing Frame in File 2
127338,1,-9,Missing Frame in File 2
127339,1,-9,Missing Frame in File 2
127340,1,-9,Missing Frame in File 2
127341,1,-9,Missing Frame in File 2
127342,1,-9,Missing Frame in File 2
127343,1,-9,Missing Frame in File 2
127344,1,-9,Missing Frame in File 2
127345,1,-9,Missing Frame in File 2
127346,1,-9,Missing Frame in File 2
127347,1,-9,Missing Frame in File 2
127348,1,-9,Missing Frame in File 2
127349,1,-9,Missing Frame in File 2
127350,1,-9,Missing Frame in File 2
127351,1,-9,Missing Frame in File 2
127352,1,-9,Missing Frame in File 2
127353,1,-9,Missing Frame in File 2
127354,1,-9,Missing Frame in File 2
127355,1,-9,Missing Frame in File 2
127356,1,-9,Missing Frame in File 2
127357,1,-9,Missing Frame in File 2
127358,1,-9,Missing Frame in File 2
127359,1,-9,Missing Frame in File 2
127360,1,-9,Missing Frame in File 2
127361,1,-9,Missing Frame in File 2
127362,1,-9,Missing Frame in File 2
127363,1,-9,Missing Frame in File 2
127364,1,-9,Missing Frame in File 2
127365,1,-9,Missing Frame in File 2
127366,1,-9,Missing Frame in File 2
127367,1,-9,Missing Frame in File 2
127368,1,-9,Missing Frame in File 2
127369,1,-9,Missing Frame in File 2
127370,1,-9,Missing Frame in File 2
127371,1,-9,Missing Frame in File 2
127372,1,-9,Missing Frame in File 2
127373,1,-9,Missing Frame in File 2
127374,1,-9,Missing Frame in File 2
127375,1,-9,Missing Frame in File 2
127376,1,-9,Missing Frame in File 2
127377,1,-9,Missing Frame in File 2
127378,1,-9,Missing Frame in File 2
127379,1,-9,Missing Frame in File 2
127380,1,-9,Missing Frame in File 2
127381,1,-9,Missing Frame in File 2
127382,1,-9,Missing Frame in File 2
127383,1,-9,Missing Frame in File 2
127384,1,-9,Missing Frame in File 2
127385,1,-9,Missing Frame in File 2
127386,1,-9,Missing Frame in File 2
127387,1,-9,Missing Frame in File 2
127388,1,-9,Missing Frame in File 2
127389,1,-9,Missing Frame in File 2
127390,1,-9,Missing Frame in File 2
127391,1,-9,Missing Frame in File 2
127392,1,-9,Missing Frame in File 2
127393,1,-9,Missing Frame in File 2
127394,1,-9,Missing Frame in File 2
127395,1,-9,Missing Frame in File 2
127396,1,-9,Missing Frame in File 2
127397,1,-9,Missing Frame in File 2
127398,1,-9,Missing Frame in File 2
127399,1,-9,Missing Frame in File 2
127400,1,-9,Missing Frame in File 2
127401,1,-9,Missing Frame in File 2
127402,1,-9,Missing Frame in File 2
127403,1,-9,Missing Frame in File 2
127404,1,-9,Missing Frame in File 2
127405,1,-9,Missing Frame in File 2
127406,1,-9,Missing Frame in File 2
127407,1,-9,Missing Frame in File 2
127408,1,-9,Missing Frame in File 2
127409,1,-9,Missing Frame in File 2
127410,1,-9,Missing Frame in File 2
127411,1,-9,Missing Frame in File 2
127412,1,-9,Missing Frame in File 2
127413,1,-9,Missing Frame in File 2
127414,1,-9,Missing Frame in File 2
127415,1,-9,Missing Frame in File 2
127416,1,-9,Missing Frame in File 2
127417,1,-9,Missing Frame in File 2
127418,-9,-9,Missing Frame in File 2
127566,0,-9,Missing Frame in File 2
127567,0,-9,Missing Frame in File 2
127568,0,-9,Missing Frame in File 2
127569,0,-9,Missing Frame in File 2
127570,0,-9,Missing Frame in File 2
127571,0,-9,Missing Frame in File 2
127572,0,-9,Missing Frame in File 2
127573,0,-9,Missing Frame in File 2
127574,0,-9,Missing Frame in File 2
127575,0,-9,Missing Frame in File 2
127576,0,-9,Missing Frame in File 2
127577,0,-9,Missing Frame in File 2
127578,0,-9,Missing Frame in File 2
127579,0,-9,Missing Frame in File 2
127580,0,-9,Missing Frame in File 2
127581,0,-9,Missing Frame in File 2
127582,0,-9,Missing Frame in File 2
127583,0,-9,Missing Frame in File 2
127584,0,-9,Missing Frame in File 2
127585,0,-9,Missing Frame in File 2
127586,-9,-9,Missing Frame in File 2
127587,-9,-9,Missing Frame in File 2
127588,-9,-9,Missing Frame in File 2
127589,-9,-9,Missing Frame in File 2
127590,-9,-9,Missing Frame in File 2
127591,-9,-9,Missing Frame in File 2
127592,-9,-9,Missing Frame in File 2
127593,-9,-9,Missing Frame in File 2
127594,-9,-9,Missing Frame in File 2
127595,-9,-9,Missing Frame in File 2
127596,-9,-9,Missing Frame in File 2
127597,-9,-9,Missing Frame in File 2
127598,-9,-9,Missing Frame in File 2
127599,-9,-9,Missing Frame in File 2
127600,-9,-9,Missing Frame in File 2
127601,-9,-9,Missing Frame in File 2
127602,-9,-9,Missing Frame in File 2
127603,-9,-9,Missing Frame in File 2
127604,-9,-9,Missing Frame in File 2
127605,-9,-9,Missing Frame in File 2
127606,-9,-9,Missing Frame in File 2
127607,-9,-9,Missing Frame in File 2
127608,-9,-9,Missing Frame in File 2
127609,-9,-9,Missing Frame in File 2
127610,-9,-9,Missing Frame in File 2
127611,-9,-9,Missing Frame in File 2
127612,-9,-9,Missing Frame in File 2
127613,-9,-9,Missing Frame in File 2
127614,-9,-9,Missing Frame in File 2
127615,-9,-9,Missing Frame in File 2
127616,-9,-9,Missing Frame in File 2
127617,-9,-9,Missing Frame in File 2
127618,-9,-9,Missing Frame in File 2
127619,-9,-9,Missing Frame in File 2
127620,-9,-9,Missing Frame in File 2
127621,-9,-9,Missing Frame in File 2
127622,-9,-9,Missing Frame in File 2
127623,-9,-9,Missing Frame in File 2
127624,-9,-9,Missing Frame in File 2
127625,-9,-9,Missing Frame in File 2
127626,-9,-9,Missing Frame in File 2
127627,-9,-9,Missing Frame in File 2
127628,-9,-9,Missing Frame in File 2
127629,-9,-9,Missing Frame in File 2
127630,-9,-9,Missing Frame in File 2
127631,-9,-9,Missing Frame in File 2
127632,-9,-9,Missing Frame in File 2
127633,-9,-9,Missing Frame in File 2
127634,-9,-9,Missing Frame in File 2
127635,-9,-9,Missing Frame in File 2
127636,-9,-9,Missing Frame in File 2
127637,-9,-9,Missing Frame in File 2
127638,-9,-9,Missing Frame in File 2
127639,-9,-9,Missing Frame in File 2
127640,-9,-9,Missing Frame in File 2
127641,-9,-9,Missing Frame in File 2
127642,-9,-9,Missing Frame in File 2
127643,-9,-9,Missing Frame in File 2
127644,-9,-9,Missing Frame in File 2
127645,-9,-9,Missing Frame in File 2
127646,-9,-9,Missing Frame in File 2
127647,-9,-9,Missing Frame in File 2
127648,-9,-9,Missing Frame in File 2
127649,-9,-9,Missing Frame in File 2
127650,-9,-9,Missing Frame in File 2
127651,-9,-9,Missing Frame in File 2
127652,-9,-9,Missing Frame in File 2
127653,-9,-9,Missing Frame in File 2
127654,-9,-9,Missing Frame in File 2
127655,-9,-9,Missing Frame in File 2
127656,-9,-9,Missing Frame in File 2
127657,-9,-9,Missing Frame in File 2
127658,-9,-9,Missing Frame in File 2
127659,-9,-9,Missing Frame in File 2
127660,-9,-9,Missing Frame in File 2
127661,-9,-9,Missing Frame in File 2
127662,-9,-9,Missing Frame in File 2
127663,-9,-9,Missing Frame in File 2
127664,-9,-9,Missing Frame in File 2
127665,-9,-9,Missing Frame in File 2
127666,-9,-9,Missing Frame in File 2
127667,-9,-9,Missing Frame in File 2
127668,-9,-9,Missing Frame in File 2
127669,-9,-9,Missing Frame in File 2
127670,-9,-9,Missing Frame in File 2
127671,-9,-9,Missing Frame in File 2
127672,-9,-9,Missing Frame in File 2
127673,-9,-9,Missing Frame in File 2
127674,-9,-9,Missing Frame in File 2
127675,-9,-9,Missing Frame in File 2
127676,-9,-9,Missing Frame in File 2
127677,-9,-9,Missing Frame in File 2
127678,-9,-9,Missing Frame in File 2
127679,-9,-9,Missing Frame in File 2
127680,-9,-9,Missing Frame in File 2
127681,-9,-9,Missing Frame in File 2
127682,-9,-9,Missing Frame in File 2
128147,-9,-9,Missing Frame in File 2
128148,-9,-9,Missing Frame in File 2
128149,-9,-9,Missing Frame in File 2
128150,-9,-9,Missing Frame in File 2
128151,-9,-9,Missing Frame in File 2
128152,-9,-9,Missing Frame in File 2
128153,-9,-9,Missing Frame in File 2
128154,-9,-9,Missing Frame in File 2
128155,-9,-9,Missing Frame in File 2
128156,-9,-9,Missing Frame in File 2
128157,-9,-9,Missing Frame in File 2
128158,-9,-9,Missing Frame in File 2
128159,-9,-9,Missing Frame in File 2
128160,-9,-9,Missing Frame in File 2
128161,-9,-9,Missing Frame in File 2
128162,-9,-9,Missing Frame in File 2
128163,-9,-9,Missing Frame in File 2
128164,-9,-9,Missing Frame in File 2
128165,-9,-9,Missing Frame in File 2
128166,-9,-9,Missing Frame in File 2
128167,-9,-9,Missing Frame in File 2
128168,-9,-9,Missing Frame in File 2
128169,-9,-9,Missing Frame in File 2
128170,-9,-9,Missing Frame in File 2
128171,-9,-9,Missing Frame in File 2
128172,-9,-9,Missing Frame in File 2
128173,-9,-9,Missing Frame in File 2
128174,-9,-9,Missing Frame in File 2
128175,-9,-9,Missing Frame in File 2
128176,-9,-9,Missing Frame in File 2
128177,-9,-9,Missing Frame in File 2
128178,-9,-9,Missing Frame in File 2
128179,-9,-9,Missing Frame in File 2
128180,-9,-9,Missing Frame in File 2
128181,-9,-9,Missing Frame in File 2
128182,-9,-9,Missing Frame in File 2
128183,-9,-9,Missing Frame in File 2
128184,-9,-9,Missing Frame in File 2
128185,-9,-9,Missing Frame in File 2
128186,-9,-9,Missing Frame in File 2
128187,-9,-9,Missing Frame in File 2
128188,-9,-9,Missing Frame in File 2
128189,-9,-9,Missing Frame in File 2
128190,-9,-9,Missing Frame in File 2
128191,-9,-9,Missing Frame in File 2
128192,-9,-9,Missing Frame in File 2
128193,-9,-9,Missing Frame in File 2
128194,-9,-9,Missing Frame in File 2
128195,-9,-9,Missing Frame in File 2
128196,-9,-9,Missing Frame in File 2
128197,-9,-9,Missing Frame in File 2
128198,-9,-9,Missing Frame in File 2
128199,-9,-9,Missing Frame in File 2
128200,-9,-9,Missing Frame in File 2
128201,-9,-9,Missing Frame in File 2
128202,-9,-9,Missing Frame in File 2
128203,-9,-9,Missing Frame in File 2
128204,-9,-9,Missing Frame in File 2
128205,-9,-9,Missing Frame in File 2
128206,-9,-9,Missing Frame in File 2
128207,-9,-9,Missing Frame in File 2
128208,-9,-9,Missing Frame in File 2
128209,-9,-9,Missing Frame in File 2
128210,-9,-9,Missing Frame in File 2
128211,-9,-9,Missing Frame in File 2
128212,-9,-9,Missing Frame in File 2
128213,-9,-9,Missing Frame in File 2
128214,-9,-9,Missing Frame in File 2
128215,-9,-9,Missing Frame in File 2
128216,-9,-9,Missing Frame in File 2
128217,-9,-9,Missing Frame in File 2
128218,-9,-9,Missing Frame in File 2
128219,-9,-9,Missing Frame in File 2
128220,-9,-9,Missing Frame in File 2
128221,-9,-9,Missing Frame in File 2
128222,-9,-9,Missing Frame in File 2
128223,-9,-9,Missing Frame in File 2
128224,-9,-9,Missing Frame in File 2
128225,-9,-9,Missing Frame in File 2
128226,-9,-9,Missing Frame in File 2
128227,-9,-9,Missing Frame in File 2
128228,-9,-9,Missing Frame in File 2
128229,-9,-9,Missing Frame in File 2
128230,-9,-9,Missing Frame in File 2
128231,-9,-9,Missing Frame in File 2
128232,-9,-9,Missing Frame in File 2
128233,-9,-9,Missing Frame in File 2
128234,-9,-9,Missing Frame in File 2
128235,-9,-9,Missing Frame in File 2
128236,-9,-9,Missing Frame in File 2
128237,-9,-9,Missing Frame in File 2
128238,-9,-9,Missing Frame in File 2
128239,-9,-9,Missing Frame in File 2
128240,-9,-9,Missing Frame in File 2
128241,-9,-9,Missing Frame in File 2
128242,-9,-9,Missing Frame in File 2
128243,-9,-9,Missing Frame in File 2
128244,-9,-9,Missing Frame in File 2
128245,-9,-9,Missing Frame in File 2
128246,-9,-9,Missing Frame in File 2
128247,-9,-9,Missing Frame in File 2
128248,-9,-9,Missing Frame in File 2
128249,-9,-9,Missing Frame in File 2
128250,-9,-9,Missing Frame in File 2
128251,-9,-9,Missing Frame in File 2
128252,-9,-9,Missing Frame in File 2
128253,-9,-9,Missing Frame in File 2
128254,-9,-9,Missing Frame in File 2
128255,-9,-9,Missing Frame in File 2
128256,-9,-9,Missing Frame in File 2
128257,-9,-9,Missing Frame in File 2
128258,-9,-9,Missing Frame in File 2
128259,-9,-9,Missing Frame in File 2
128260,-9,-9,Missing Frame in File 2
128261,-9,-9,Missing Frame in File 2
128262,-9,-9,Missing Frame in File 2
128263,-9,-9,Missing Frame in File 2
128264,-9,-9,Missing Frame in File 2
128265,-9,-9,Missing Frame in File 2
128266,-9,-9,Missing Frame in File 2
128267,-9,-9,Missing Frame in File 2
128268,-9,-9,Missing Frame in File 2
128269,-9,-9,Missing Frame in File 2
128536,0,-9,Missing Frame in File 2
128537,0,-9,Missing Frame in File 2
128538,0,-9,Missing Frame in File 2
128539,0,-9,Missing Frame in File 2
128540,0,-9,Missing Frame in File 2
128541,0,-9,Missing Frame in File 2
128542,0,-9,Missing Frame in File 2
128543,0,-9,Missing Frame in File 2
128544,0,-9,Missing Frame in File 2
128545,0,-9,Missing Frame in File 2
128546,0,-9,Missing Frame in File 2
128547,0,-9,Missing Frame in File 2
128548,0,-9,Missing Frame in File 2
128549,0,-9,Missing Frame in File 2
128550,0,-9,Missing Frame in File 2
128551,0,-9,Missing Frame in File 2
128552,0,-9,Missing Frame in File 2
128553,0,-9,Missing Frame in File 2
128554,0,-9,Missing Frame in File 2
128555,0,-9,Missing Frame in File 2
128556,0,-9,Missing Frame in File 2
128557,0,-9,Missing Frame in File 2
128558,0,-9,Missing Frame in File 2
128559,0,-9,Missing Frame in File 2
128560,0,-9,Missing Frame in File 2
128561,0,-9,Missing Frame in File 2
128562,0,-9,Missing Frame in File 2
128563,0,-9,Missing Frame in File 2
128564,0,-9,Missing Frame in File 2
128565,0,-9,Missing Frame in File 2
128566,0,-9,Missing Frame in File 2
128567,0,-9,Missing Frame in File 2
128568,0,-9,Missing Frame in File 2
128569,0,-9,Missing Frame in File 2
128570,0,-9,Missing Frame in File 2
128571,0,-9,Missing Frame in File 2
128572,0,-9,Missing Frame in File 2
128573,0,-9,Missing Frame in File 2
128574,0,-9,Missing Frame in File 2
128575,0,-9,Missing Frame in File 2
128576,0,-9,Missing Frame in File 2
128577,0,-9,Missing Frame in File 2
128578,0,-9,Missing Frame in File 2
128579,0,-9,Missing Frame in File 2
128580,0,-9,Missing Frame in File 2
128581,0,-9,Missing Frame in File 2
128582,0,-9,Missing Frame in File 2
128583,0,-9,Missing Frame in File 2
128584,0,-9,Missing Frame in File 2
128585,0,-9,Missing Frame in File 2
128586,0,-9,Missing Frame in File 2
128587,0,-9,Missing Frame in File 2
128588,0,-9,Missing Frame in File 2
128589,0,-9,Missing Frame in File 2
128590,0,-9,Missing Frame in File 2
128591,0,-9,Missing Frame in File 2
128592,0,-9,Missing Frame in File 2
128593,0,-9,Missing Frame in File 2
128594,0,-9,Missing Frame in File 2
128595,0,-9,Missing Frame in File 2
128596,0,-9,Missing Frame in File 2
128597,0,-9,Missing Frame in File 2
128598,0,-9,Missing Frame in File 2
128599,0,-9,Missing Frame in File 2
128600,0,-9,Missing Frame in File 2
128601,0,-9,Missing Frame in File 2
128602,0,-9,Missing Frame in File 2
128603,0,-9,Missing Frame in File 2
128604,0,-9,Missing Frame in File 2
128605,0,-9,Missing Frame in File 2
128606,0,-9,Missing Frame in File 2
128607,0,-9,Missing Frame in File 2
128608,0,-9,Missing Frame in File 2
128609,0,-9,Missing Frame in File 2
128610,0,-9,Missing Frame in File 2
128611,0,-9,Missing Frame in File 2
128612,0,-9,Missing Frame in File 2
128613,0,-9,Missing Frame in File 2
128614,0,-9,Missing Frame in File 2
128615,0,-9,Missing Frame in File 2
128616,0,-9,Missing Frame in File 2
128617,0,-9,Missing Frame in File 2
128618,0,-9,Missing Frame in File 2
128619,0,-9,Missing Frame in File 2
128620,0,-9,Missing Frame in File 2
128621,0,-9,Missing Frame in File 2
128622,0,-9,Missing Frame in File 2
128623,0,-9,Missing Frame in File 2
128624,0,-9,Missing Frame in File 2
128625,0,-9,Missing Frame in File 2
128626,0,-9,Missing Frame in File 2
128627,0,-9,Missing Frame in File 2
128628,0,-9,Missing Frame in File 2
128629,0,-9,Missing Frame in File 2
128630,0,-9,Missing Frame in File 2
128631,0,-9,Missing Frame in File 2
128632,0,-9,Missing Frame in File 2
128633,0,-9,Missing Frame in File 2
128634,0,-9,Missing Frame in File 2
128635,0,-9,Missing Frame in File 2
128636,0,-9,Missing Frame in File 2
128637,0,-9,Missing Frame in File 2
128638,0,-9,Missing Frame in File 2
128639,0,-9,Missing Frame in File 2
128640,0,-9,Missing Frame in File 2
128641,0,-9,Missing Frame in File 2
128642,0,-9,Missing Frame in File 2
128643,0,-9,Missing Frame in File 2
128644,0,-9,Missing Frame in File 2
128645,0,-9,Missing Frame in File 2
128646,0,-9,Missing Frame in File 2
128647,0,-9,Missing Frame in File 2
128648,0,-9,Missing Frame in File 2
128649,0,-9,Missing Frame in File 2
128650,0,-9,Missing Frame in File 2
128651,0,-9,Missing Frame in File 2
128652,0,-9,Missing Frame in File 2
128653,0,-9,Missing Frame in File 2
128654,0,-9,Missing Frame in File 2
128655,0,-9,Missing Frame in File 2
128656,0,-9,Missing Frame in File 2
128657,0,-9,Missing Frame in File 2
128658,0,-9,Missing Frame in File 2
128659,0,-9,Missing Frame in File 2
128660,0,-9,Missing Frame in File 2
128661,0,-9,Missing Frame in File 2
128662,0,-9,Missing Frame in File 2
128663,0,-9,Missing Frame in File 2
128664,0,-9,Missing Frame in File 2
128665,0,-9,Missing Frame in File 2
128666,0,-9,Missing Frame in File 2
128667,0,-9,Missing Frame in File 2
128668,0,-9,Missing Frame in File 2
128669,0,-9,Missing Frame in File 2
128670,0,-9,Missing Frame in File 2
128671,0,-9,Missing Frame in File 2
128672,0,-9,Missing Frame in File 2
128673,0,-9,Missing Frame in File 2
128674,0,-9,Missing Frame in File 2
128782,0,-9,Missing Frame in File 2
128783,0,-9,Missing Frame in File 2
128784,0,-9,Missing Frame in File 2
128785,0,-9,Missing Frame in File 2
128786,0,-9,Missing Frame in File 2
128787,0,-9,Missing Frame in File 2
128788,0,-9,Missing Frame in File 2
128789,0,-9,Missing Frame in File 2
128790,0,-9,Missing Frame in File 2
128791,0,-9,Missing Frame in File 2
128792,0,-9,Missing Frame in File 2
128793,0,-9,Missing Frame in File 2
128794,0,-9,Missing Frame in File 2
128795,0,-9,Missing Frame in File 2
128796,0,-9,Missing Frame in File 2
128797,0,-9,Missing Frame in File 2
128798,0,-9,Missing Frame in File 2
128799,0,-9,Missing Frame in File 2
128800,0,-9,Missing Frame in File 2
128801,0,-9,Missing Frame in File 2
128802,0,-9,Missing Frame in File 2
128803,0,-9,Missing Frame in File 2
128804,0,-9,Missing Frame in File 2
128805,0,-9,Missing Frame in File 2
128806,0,-9,Missing Frame in File 2
128807,0,-9,Missing Frame in File 2
128808,0,-9,Missing Frame in File 2
128809,0,-9,Missing Frame in File 2
128810,0,-9,Missing Frame in File 2
128811,0,-9,Missing Frame in File 2
128812,0,-9,Missing Frame in File 2
128813,0,-9,Missing Frame in File 2
128814,0,-9,Missing Frame in File 2
128815,0,-9,Missing Frame in File 2
128816,0,-9,Missing Frame in File 2
128817,0,-9,Missing Frame in File 2
128818,0,-9,Missing Frame in File 2
128819,0,-9,Missing Frame in File 2
128820,0,-9,Missing Frame in File 2
128821,0,-9,Missing Frame in File 2
128822,0,-9,Missing Frame in File 2
128823,0,-9,Missing Frame in File 2
128824,0,-9,Missing Frame in File 2
128825,0,-9,Missing Frame in File 2
128826,0,-9,Missing Frame in File 2
128827,0,-9,Missing Frame in File 2
128828,0,-9,Missing Frame in File 2
128829,0,-9,Missing Frame in File 2
128830,0,-9,Missing Frame in File 2
128831,0,-9,Missing Frame in File 2
128832,0,-9,Missing Frame in File 2
128833,0,-9,Missing Frame in File 2
128834,0,-9,Missing Frame in File 2
128835,0,-9,Missing Frame in File 2
128836,0,-9,Missing Frame in File 2
128837,0,-9,Missing Frame in File 2
128838,0,-9,Missing Frame in File 2
128839,0,-9,Missing Frame in File 2
128840,0,-9,Missing Frame in File 2
128841,0,-9,Missing Frame in File 2
128842,0,-9,Missing Frame in File 2
128843,0,-9,Missing Frame in File 2
128844,0,-9,Missing Frame in File 2
128845,0,-9,Missing Frame in File 2
128846,0,-9,Missing Frame in File 2
128847,0,-9,Missing Frame in File 2
128848,0,-9,Missing Frame in File 2
128849,0,-9,Missing Frame in File 2
128850,0,-9,Missing Frame in File 2
128851,0,-9,Missing Frame in File 2
128852,0,-9,Missing Frame in File 2
128853,0,-9,Missing Frame in File 2
128854,0,-9,Missing Frame in File 2
128855,0,-9,Missing Frame in File 2
128856,0,-9,Missing Frame in File 2
128857,0,-9,Missing Frame in File 2
128858,0,-9,Missing Frame in File 2
128859,0,-9,Missing Frame in File 2
128860,0,-9,Missing Frame in File 2
128861,0,-9,Missing Frame in File 2
128862,0,-9,Missing Frame in File 2
128863,0,-9,Missing Frame in File 2
128864,0,-9,Missing Frame in File 2
128865,0,-9,Missing Frame in File 2
128866,0,-9,Missing Frame in File 2
128867,0,-9,Missing Frame in File 2
128868,0,-9,Missing Frame in File 2
128869,0,-9,Missing Frame in File 2
128870,0,-9,Missing Frame in File 2
128871,0,-9,Missing Frame in File 2
128872,0,-9,Missing Frame in File 2
128873,0,-9,Missing Frame in File 2
128874,0,-9,Missing Frame in File 2
128875,0,-9,Missing Frame in File 2
128876,0,-9,Missing Frame in File 2
128877,0,-9,Missing Frame in File 2
128878,0,-9,Missing Frame in File 2
128879,0,-9,Missing Frame in File 2
128880,0,-9,Missing Frame in File 2
128881,0,-9,Missing Frame in File 2
128882,0,-9,Missing Frame in File 2
128883,0,-9,Missing Frame in File 2
128884,0,-9,Missing Frame in File 2
128885,0,-9,Missing Frame in File 2
128886,0,-9,Missing Frame in File 2
128887,0,-9,Missing Frame in File 2
128888,0,-9,Missing Frame in File 2
128889,0,-9,Missing Frame in File 2
128890,0,-9,Missing Frame in File 2
128891,0,-9,Missing Frame in File 2
128892,0,-9,Missing Frame in File 2
128893,0,-9,Missing Frame in File 2
128894,0,-9,Missing Frame in File 2
128895,0,-9,Missing Frame in File 2
128896,0,-9,Missing Frame in File 2
128897,0,-9,Missing Frame in File 2
128898,0,-9,Missing Frame in File 2
128899,0,-9,Missing Frame in File 2
128900,0,-9,Missing Frame in File 2
128901,0,-9,Missing Frame in File 2
128902,0,-9,Missing Frame in File 2
128903,0,-9,Missing Frame in File 2
128904,0,-9,Missing Frame in File 2
128905,0,-9,Missing Frame in File 2
128906,0,-9,Missing Frame in File 2
128907,0,-9,Missing Frame in File 2
128908,0,-9,Missing Frame in File 2
128909,0,-9,Missing Frame in File 2
128910,0,-9,Missing Frame in File 2
128911,0,-9,Missing Frame in File 2
128912,0,-9,Missing Frame in File 2
128913,0,-9,Missing Frame in File 2
128914,0,-9,Missing Frame in File 2
128915,0,-9,Missing Frame in File 2
128916,0,-9,Missing Frame in File 2
128917,0,-9,Missing Frame in File 2
128918,0,-9,Missing Frame in File 2
128919,0,-9,Missing Frame in File 2
128920,0,-9,Missing Frame in File 2
128921,0,-9,Missing Frame in File 2
128922,0,-9,Missing Frame in File 2
128923,0,-9,Missing Frame in File 2
128924,0,-9,Missing Frame in File 2
128925,0,-9,Missing Frame in File 2
128926,0,-9,Missing Frame in File 2
128927,0,-9,Missing Frame in File 2
128928,0,-9,Missing Frame in File 2
128929,0,-9,Missing Frame in File 2
128930,0,-9,Missing Frame in File 2
128931,0,-9,Missing Frame in File 2
128932,0,-9,Missing Frame in File 2
128933,0,-9,Missing Frame in File 2
128934,0,-9,Missing Frame in File 2
128935,0,-9,Missing Frame in File 2
128936,0,-9,Missing Frame in File 2
128937,0,-9,Missing Frame in File 2
128938,0,-9,Missing Frame in File 2
128939,0,-9,Missing Frame in File 2
128940,0,-9,Missing Frame in File 2
128941,0,-9,Missing Frame in File 2
128942,0,-9,Missing Frame in File 2
128943,0,-9,Missing Frame in File 2
128944,0,-9,Missing Frame in File 2
128945,0,-9,Missing Frame in File 2
128946,0,-9,Missing Frame in File 2
128947,0,-9,Missing Frame in File 2
128948,0,-9,Missing Frame in File 2
128949,0,-9,Missing Frame in File 2
128950,0,-9,Missing Frame in File 2
128951,0,-9,Missing Frame in File 2
128952,0,-9,Missing Frame in File 2
128953,0,-9,Missing Frame in File 2
128954,0,-9,Missing Frame in File 2
128955,0,-9,Missing Frame in File 2
128956,0,-9,Missing Frame in File 2
128957,0,-9,Missing Frame in File 2
128958,0,-9,Missing Frame in File 2
128959,0,-9,Missing Frame in File 2
128960,0,-9,Missing Frame in File 2
128961,0,-9,Missing Frame in File 2
128962,0,-9,Missing Frame in File 2
128963,0,-9,Missing Frame in File 2
128964,0,-9,Missing Frame in File 2
128965,0,-9,Missing Frame in File 2
128966,0,-9,Missing Frame in File 2
128967,0,-9,Missing Frame in File 2
128968,0,-9,Missing Frame in File 2
128969,0,-9,Missing Frame in File 2
128970,0,-9,Missing Frame in File 2
128971,0,-9,Missing Frame in File 2
128972,0,-9,Missing Frame in File 2
128973,0,-9,Missing Frame in File 2
128974,0,-9,Missing Frame in File 2
128975,0,-9,Missing Frame in File 2
128976,0,-9,Missing Frame in File 2
133079,-9,-9,Missing Frame in File 2
133080,2,-9,Missing Frame in File 2
133081,2,-9,Missing Frame in File 2
133082,2,-9,Missing Frame in File 2
133083,2,-9,Missing Frame in File 2
133084,2,-9,Missing Frame in File 2
133085,2,-9,Missing Frame in File 2
133086,2,-9,Missing Frame in File 2
133087,2,-9,Missing Frame in File 2
133088,2,-9,Missing Frame in File 2
133089,2,-9,Missing Frame in File 2
133090,2,-9,Missing Frame in File 2
133091,2,-9,Missing Frame in File 2
133092,2,-9,Missing Frame in File 2
133093,2,-9,Missing Frame in File 2
133094,2,-9,Missing Frame in File 2
133095,2,-9,Missing Frame in File 2
133096,2,-9,Missing Frame in File 2
133097,2,-9,Missing Frame in File 2
133098,2,-9,Missing Frame in File 2
133099,2,-9,Missing Frame in File 2
133100,2,-9,Missing Frame in File 2
133101,2,-9,Missing Frame in File 2
133102,2,-9,Missing Frame in File 2
133103,2,-9,Missing Frame in File 2
133104,2,-9,Missing Frame in File 2
133105,2,-9,Missing Frame in File 2
133106,2,-9,Missing Frame in File 2
133107,2,-9,Missing Frame in File 2
133108,2,-9,Missing Frame in File 2
133109,2,-9,Missing Frame in File 2
133110,2,-9,Missing Frame in File 2
133111,2,-9,Missing Frame in File 2
133112,2,-9,Missing Frame in File 2
133113,2,-9,Missing Frame in File 2
133114,2,-9,Missing Frame in File 2
133115,2,-9,Missing Frame in File 2
133116,2,-9,Missing Frame in File 2
133117,2,-9,Missing Frame in File 2
133118,2,-9,Missing Frame in File 2
133119,2,-9,Missing Frame in File 2
133120,2,-9,Missing Frame in File 2
133121,0,-9,Missing Frame in File 2
133122,0,-9,Missing Frame in File 2
133123,0,-9,Missing Frame in File 2
133124,0,-9,Missing Frame in File 2
133125,0,-9,Missing Frame in File 2
133126,0,-9,Missing Frame in File 2
133127,0,-9,Missing Frame in File 2
133128,0,-9,Missing Frame in File 2
133129,0,-9,Missing Frame in File 2
133130,0,-9,Missing Frame in File 2
133131,0,-9,Missing Frame in File 2
133132,0,-9,Missing Frame in File 2
133133,0,-9,Missing Frame in File 2
133134,0,-9,Missing Frame in File 2
133135,0,-9,Missing Frame in File 2
133136,0,-9,Missing Frame in File 2
133137,0,-9,Missing Frame in File 2
133138,0,-9,Missing Frame in File 2
133139,0,-9,Missing Frame in File 2
133140,0,-9,Missing Frame in File 2
133141,0,-9,Missing Frame in File 2
133142,0,-9,Missing Frame in File 2
133143,0,-9,Missing Frame in File 2
133144,0,-9,Missing Frame in File 2
133145,0,-9,Missing Frame in File 2
133146,0,-9,Missing Frame in File 2
133147,0,-9,Missing Frame in File 2
133148,0,-9,Missing Frame in File 2
133149,2,-9,Missing Frame in File 2
133150,2,-9,Missing Frame in File 2
133151,2,-9,Missing Frame in File 2
133152,2,-9,Missing Frame in File 2
133153,2,-9,Missing Frame in File 2
133154,2,-9,Missing Frame in File 2
133155,2,-9,Missing Frame in File 2
133156,2,-9,Missing Frame in File 2
133157,2,-9,Missing Frame in File 2
133158,2,-9,Missing Frame in File 2
133159,2,-9,Missing Frame in File 2
133160,2,-9,Missing Frame in File 2
133161,2,-9,Missing Frame in File 2
133162,2,-9,Missing Frame in File 2
133163,2,-9,Missing Frame in File 2
133164,2,-9,Missing Frame in File 2
133165,2,-9,Missing Frame in File 2
133166,2,-9,Missing Frame in File 2
133167,2,-9,Missing Frame in File 2
133168,2,-9,Missing Frame in File 2
133169,2,-9,Missing Frame in File 2
133170,2,-9,Missing Frame in File 2
133171,2,-9,Missing Frame in File 2
133172,2,-9,Missing Frame in File 2
133173,2,-9,Missing Frame in File 2
133174,2,-9,Missing Frame in File 2
133175,2,-9,Missing Frame in File 2
133176,2,-9,Missing Frame in File 2
133177,2,-9,Missing Frame in File 2
133178,2,-9,Missing Frame in File 2
133179,2,-9,Missing Frame in File 2
133180,2,-9,Missing Frame in File 2
133181,2,-9,Missing Frame in File 2
133182,2,-9,Missing Frame in File 2
133183,2,-9,Missing Frame in File 2
133184,2,-9,Missing Frame in File 2
133185,2,-9,Missing Frame in File 2
133186,2,-9,Missing Frame in File 2
133187,2,-9,Missing Frame in File 2
133188,2,-9,Missing Frame in File 2
133189,2,-9,Missing Frame in File 2
133190,2,-9,Missing Frame in File 2
133191,2,-9,Missing Frame in File 2
133192,2,-9,Missing Frame in File 2
133193,2,-9,Missing Frame in File 2
133194,2,-9,Missing Frame in File 2
133195,2,-9,Missing Frame in File 2
133196,2,-9,Missing Frame in File 2
133197,2,-9,Missing Frame in File 2
133198,2,-9,Missing Frame in File 2
133199,2,-9,Missing Frame in File 2
133200,2,-9,Missing Frame in File 2
133201,2,-9,Missing Frame in File 2
133202,2,-9,Missing Frame in File 2
133203,2,-9,Missing Frame in File 2
133204,2,-9,Missing Frame in File 2
133205,2,-9,Missing Frame in File 2
133206,2,-9,Missing Frame in File 2
133207,2,-9,Missing Frame in File 2
133208,2,-9,Missing Frame in File 2
133209,1,-9,Missing Frame in File 2
133210,1,-9,Missing Frame in File 2
133211,1,-9,Missing Frame in File 2
133212,1,-9,Missing Frame in File 2
133213,1,-9,Missing Frame in File 2
133214,1,-9,Missing Frame in File 2
133215,1,-9,Missing Frame in File 2
133216,1,-9,Missing Frame in File 2
133217,1,-9,Missing Frame in File 2
133218,1,-9,Missing Frame in File 2
133219,1,-9,Missing Frame in File 2
133220,1,-9,Missing Frame in File 2
133221,1,-9,Missing Frame in File 2
133222,1,-9,Missing Frame in File 2
133223,1,-9,Missing Frame in File 2
133224,1,-9,Missing Frame in File 2
133225,1,-9,Missing Frame in File 2
133226,1,-9,Missing Frame in File 2
133227,1,-9,Missing Frame in File 2
133228,1,-9,Missing Frame in File 2
133229,1,-9,Missing Frame in File 2
133230,1,-9,Missing Frame in File 2
133231,1,-9,Missing Frame in File 2
133232,1,-9,Missing Frame in File 2
133233,1,-9,Missing Frame in File 2
133234,1,-9,Missing Frame in File 2
133235,1,-9,Missing Frame in File 2
133236,1,-9,Missing Frame in File 2
133237,-9,-9,Missing Frame in File 2
133340,0,-9,Missing Frame in File 2
133341,0,-9,Missing Frame in File 2
133342,0,-9,Missing Frame in File 2
133343,0,-9,Missing Frame in File 2
133344,0,-9,Missing Frame in File 2
133345,0,-9,Missing Frame in File 2
133346,0,-9,Missing Frame in File 2
133347,0,-9,Missing Frame in File 2
133348,0,-9,Missing Frame in File 2
133349,0,-9,Missing Frame in File 2
133350,0,-9,Missing Frame in File 2
133351,0,-9,Missing Frame in File 2
133352,0,-9,Missing Frame in File 2
133353,0,-9,Missing Frame in File 2
133354,0,-9,Missing Frame in File 2
133355,0,-9,Missing Frame in File 2
133356,0,-9,Missing Frame in File 2
133357,0,-9,Missing Frame in File 2
133358,0,-9,Missing Frame in File 2
133359,0,-9,Missing Frame in File 2
133360,0,-9,Missing Frame in File 2
133361,0,-9,Missing Frame in File 2
133362,0,-9,Missing Frame in File 2
133363,0,-9,Missing Frame in File 2
133364,0,-9,Missing Frame in File 2
133365,0,-9,Missing Frame in File 2
133366,0,-9,Missing Frame in File 2
133367,0,-9,Missing Frame in File 2
133368,0,-9,Missing Frame in File 2
133369,0,-9,Missing Frame in File 2
133370,0,-9,Missing Frame in File 2
133371,0,-9,Missing Frame in File 2
133372,0,-9,Missing Frame in File 2
133373,0,-9,Missing Frame in File 2
133374,0,-9,Missing Frame in File 2
133375,0,-9,Missing Frame in File 2
133376,0,-9,Missing Frame in File 2
133377,0,-9,Missing Frame in File 2
133378,0,-9,Missing Frame in File 2
133379,0,-9,Missing Frame in File 2
133380,0,-9,Missing Frame in File 2
133381,0,-9,Missing Frame in File 2
133382,0,-9,Missing Frame in File 2
133383,0,-9,Missing Frame in File 2
133384,0,-9,Missing Frame in File 2
133385,0,-9,Missing Frame in File 2
133386,0,-9,Missing Frame in File 2
133387,0,-9,Missing Frame in File 2
133388,0,-9,Missing Frame in File 2
133389,0,-9,Missing Frame in File 2
133390,0,-9,Missing Frame in File 2
133391,0,-9,Missing Frame in File 2
133392,0,-9,Missing Frame in File 2
133393,0,-9,Missing Frame in File 2
133394,0,-9,Missing Frame in File 2
133395,0,-9,Missing Frame in File 2
133396,0,-9,Missing Frame in File 2
133397,0,-9,Missing Frame in File 2
133398,0,-9,Missing Frame in File 2
133399,0,-9,Missing Frame in File 2
133400,0,-9,Missing Frame in File 2
133401,0,-9,Missing Frame in File 2
133402,0,-9,Missing Frame in File 2
133403,0,-9,Missing Frame in File 2
133404,0,-9,Missing Frame in File 2
133405,0,-9,Missing Frame in File 2
133406,0,-9,Missing Frame in File 2
133407,0,-9,Missing Frame in File 2
133408,0,-9,Missing Frame in File 2
133409,0,-9,Missing Frame in File 2
133410,0,-9,Missing Frame in File 2
133411,0,-9,Missing Frame in File 2
133412,0,-9,Missing Frame in File 2
133413,0,-9,Missing Frame in File 2
133414,0,-9,Missing Frame in File 2
133415,0,-9,Missing Frame in File 2
133416,0,-9,Missing Frame in File 2
133417,0,-9,Missing Frame in File 2
133418,0,-9,Missing Frame in File 2
133419,0,-9,Missing Frame in File 2
133420,0,-9,Missing Frame in File 2
133421,0,-9,Missing Frame in File 2
133422,0,-9,Missing Frame in File 2
133423,0,-9,Missing Frame in File 2
133424,0,-9,Missing Frame in File 2
133425,0,-9,Missing Frame in File 2
133426,0,-9,Missing Frame in File 2
133427,0,-9,Missing Frame in File 2
133428,0,-9,Missing Frame in File 2
133429,0,-9,Missing Frame in File 2
133430,0,-9,Missing Frame in File 2
133431,0,-9,Missing Frame in File 2
133432,0,-9,Missing Frame in File 2
133433,0,-9,Missing Frame in File 2
133434,0,-9,Missing Frame in File 2
133435,0,-9,Missing Frame in File 2
133436,0,-9,Missing Frame in File 2
133437,0,-9,Missing Frame in File 2
133438,0,-9,Missing Frame in File 2
133439,0,-9,Missing Frame in File 2
133440,0,-9,Missing Frame in File 2
133441,0,-9,Missing Frame in File 2
133442,0,-9,Missing Frame in File 2
133443,0,-9,Missing Frame in File 2
133444,0,-9,Missing Frame in File 2
133445,0,-9,Missing Frame in File 2
133446,0,-9,Missing Frame in File 2
133447,0,-9,Missing Frame in File 2
133448,0,-9,Missing Frame in File 2
133449,0,-9,Missing Frame in File 2
133450,0,-9,Missing Frame in File 2
133451,0,-9,Missing Frame in File 2
133452,0,-9,Missing Frame in File 2
133453,0,-9,Missing Frame in File 2
133454,0,-9,Missing Frame in File 2
133455,0,-9,Missing Frame in File 2
133456,0,-9,Missing Frame in File 2
133457,0,-9,Missing Frame in File 2
133458,0,-9,Missing Frame in File 2
133459,0,-9,Missing Frame in File 2
133460,0,-9,Missing Frame in File 2
133461,0,-9,Missing Frame in File 2
133462,0,-9,Missing Frame in File 2
133463,0,-9,Missing Frame in File 2
133464,0,-9,Missing Frame in File 2
133465,0,-9,Missing Frame in File 2
133466,0,-9,Missing Frame in File 2
133467,0,-9,Missing Frame in File 2
133468,0,-9,Missing Frame in File 2
133469,0,-9,Missing Frame in File 2
133470,0,-9,Missing Frame in File 2
133471,0,-9,Missing Frame in File 2
133472,0,-9,Missing Frame in File 2
133473,0,-9,Missing Frame in File 2
133474,0,-9,Missing Frame in File 2
133475,0,-9,Missing Frame in File 2
133476,0,-9,Missing Frame in File 2
133477,0,-9,Missing Frame in File 2
133478,0,-9,Missing Frame in File 2
133479,0,-9,Missing Frame in File 2
133480,0,-9,Missing Frame in File 2
133481,0,-9,Missing Frame in File 2
133482,0,-9,Missing Frame in File 2
133483,0,-9,Missing Frame in File 2
133484,0,-9,Missing Frame in File 2
133485,0,-9,Missing Frame in File 2
133486,0,-9,Missing Frame in File 2
133487,0,-9,Missing Frame in File 2
133488,0,-9,Missing Frame in File 2
133489,0,-9,Missing Frame in File 2
133490,0,-9,Missing Frame in File 2
133491,0,-9,Missing Frame in File 2
133492,0,-9,Missing Frame in File 2
133493,0,-9,Missing Frame in File 2
133494,0,-9,Missing Frame in File 2
133495,0,-9,Missing Frame in File 2
133496,0,-9,Missing Frame in File 2
133497,0,-9,Missing Frame in File 2
133498,0,-9,Missing Frame in File 2
133499,0,-9,Missing Frame in File 2
133500,0,-9,Missing Frame in File 2
133501,0,-9,Missing Frame in File 2
133502,0,-9,Missing Frame in File 2
133503,0,-9,Missing Frame in File 2
133504,0,-9,Missing Frame in File 2
133505,0,-9,Missing Frame in File 2
133506,0,-9,Missing Frame in File 2
133507,0,-9,Missing Frame in File 2
136368,2,-9,Missing Frame in File 2
136369,2,-9,Missing Frame in File 2
136370,2,-9,Missing Frame in File 2
136371,2,-9,Missing Frame in File 2
136372,2,-9,Missing Frame in File 2
136373,2,-9,Missing Frame in File 2
136374,2,-9,Missing Frame in File 2
136375,2,-9,Missing Frame in File 2
136376,2,-9,Missing Frame in File 2
136377,2,-9,Missing Frame in File 2
136378,2,-9,Missing Frame in File 2
136379,2,-9,Missing Frame in File 2
136380,2,-9,Missing Frame in File 2
136381,2,-9,Missing Frame in File 2
136382,2,-9,Missing Frame in File 2
136383,2,-9,Missing Frame in File 2
136384,2,-9,Missing Frame in File 2
136385,2,-9,Missing Frame in File 2
136386,2,-9,Missing Frame in File 2
136387,2,-9,Missing Frame in File 2
136388,2,-9,Missing Frame in File 2
136389,2,-9,Missing Frame in File 2
136390,2,-9,Missing Frame in File 2
136391,2,-9,Missing Frame in File 2
136392,2,-9,Missing Frame in File 2
136393,2,-9,Missing Frame in File 2
136394,2,-9,Missing Frame in File 2
136395,2,-9,Missing Frame in File 2
136396,2,-9,Missing Frame in File 2
136397,2,-9,Missing Frame in File 2
136398,2,-9,Missing Frame in File 2
136399,2,-9,Missing Frame in File 2
136400,2,-9,Missing Frame in File 2
136401,2,-9,Missing Frame in File 2
136402,2,-9,Missing Frame in File 2
136403,2,-9,Missing Frame in File 2
136404,2,-9,Missing Frame in File 2
136405,2,-9,Missing Frame in File 2
136406,2,-9,Missing Frame in File 2
136407,2,-9,Missing Frame in File 2
136408,2,-9,Missing Frame in File 2
136409,2,-9,Missing Frame in File 2
136410,2,-9,Missing Frame in File 2
136411,2,-9,Missing Frame in File 2
136412,2,-9,Missing Frame in File 2
136413,2,-9,Missing Frame in File 2
136414,2,-9,Missing Frame in File 2
136415,2,-9,Missing Frame in File 2
136416,2,-9,Missing Frame in File 2
136417,2,-9,Missing Frame in File 2
136418,2,-9,Missing Frame in File 2
136419,2,-9,Missing Frame in File 2
136420,2,-9,Missing Frame in File 2
136421,2,-9,Missing Frame in File 2
136422,2,-9,Missing Frame in File 2
136423,2,-9,Missing Frame in File 2
136424,2,-9,Missing Frame in File 2
136425,2,-9,Missing Frame in File 2
136426,2,-9,Missing Frame in File 2
136427,2,-9,Missing Frame in File 2
136428,2,-9,Missing Frame in File 2
136429,2,-9,Missing Frame in File 2
136430,2,-9,Missing Frame in File 2
136431,2,-9,Missing Frame in File 2
136432,2,-9,Missing Frame in File 2
136433,2,-9,Missing Frame in File 2
136434,2,-9,Missing Frame in File 2
136435,2,-9,Missing Frame in File 2
136436,2,-9,Missing Frame in File 2
136437,2,-9,Missing Frame in File 2
136438,2,-9,Missing Frame in File 2
136439,2,-9,Missing Frame in File 2
136440,2,-9,Missing Frame in File 2
136441,2,-9,Missing Frame in File 2
136442,2,-9,Missing Frame in File 2
136443,2,-9,Missing Frame in File 2
136444,2,-9,Missing Frame in File 2
136445,2,-9,Missing Frame in File 2
136446,2,-9,Missing Frame in File 2
136447,2,-9,Missing Frame in File 2
136448,2,-9,Missing Frame in File 2
136449,2,-9,Missing Frame in File 2
136450,2,-9,Missing Frame in File 2
136451,2,-9,Missing Frame in File 2
136452,2,-9,Missing Frame in File 2
136453,2,-9,Missing Frame in File 2
136454,2,-9,Missing Frame in File 2
136455,2,-9,Missing Frame in File 2
136456,2,-9,Missing Frame in File 2
136457,2,-9,Missing Frame in File 2
136458,2,-9,Missing Frame in File 2
136459,2,-9,Missing Frame in File 2
136460,2,-9,Missing Frame in File 2
136461,2,-9,Missing Frame in File 2
136462,2,-9,Missing Frame in File 2
136463,2,-9,Missing Frame in File 2
136464,2,-9,Missing Frame in File 2
136465,2,-9,Missing Frame in File 2
136466,2,-9,Missing Frame in File 2
136467,2,-9,Missing Frame in File 2
136468,2,-9,Missing Frame in File 2
136469,2,-9,Missing Frame in File 2
136470,2,-9,Missing Frame in File 2
136471,2,-9,Missing Frame in File 2
136472,2,-9,Missing Frame in File 2
136473,2,-9,Missing Frame in File 2
136474,2,-9,Missing Frame in File 2
136475,2,-9,Missing Frame in File 2
136476,2,-9,Missing Frame in File 2
136477,2,-9,Missing Frame in File 2
136478,2,-9,Missing Frame in File 2
136479,2,-9,Missing Frame in File 2
136480,2,-9,Missing Frame in File 2
136481,2,-9,Missing Frame in File 2
136482,2,-9,Missing Frame in File 2
136483,2,-9,Missing Frame in File 2
136484,2,-9,Missing Frame in File 2
136485,2,-9,Missing Frame in File 2
136486,2,-9,Missing Frame in File 2
136487,2,-9,Missing Frame in File 2
136488,2,-9,Missing Frame in File 2
136489,2,-9,Missing Frame in File 2
136490,2,-9,Missing Frame in File 2
136491,2,-9,Missing Frame in File 2
136492,2,-9,Missing Frame in File 2
136493,2,-9,Missing Frame in File 2
136494,2,-9,Missing Frame in File 2
136495,2,-9,Missing Frame in File 2
136496,2,-9,Missing Frame in File 2
136497,2,-9,Missing Frame in File 2
136498,2,-9,Missing Frame in File 2
136499,2,-9,Missing Frame in File 2
136500,2,-9,Missing Frame in File 2
136501,2,-9,Missing Frame in File 2
136502,2,-9,Missing Frame in File 2
136503,2,-9,Missing Frame in File 2
136504,2,-9,Missing Frame in File 2
136505,2,-9,Missing Frame in File 2
136506,2,-9,Missing Frame in File 2
136507,2,-9,Missing Frame in File 2
136508,2,-9,Missing Frame in File 2
136509,2,-9,Missing Frame in File 2
136510,2,-9,Missing Frame in File 2
136511,2,-9,Missing Frame in File 2
136512,2,-9,Missing Frame in File 2
136513,2,-9,Missing Frame in File 2
136514,2,-9,Missing Frame in File 2
136515,1,-9,Missing Frame in File 2
136516,1,-9,Missing Frame in File 2
136517,1,-9,Missing Frame in File 2
136518,1,-9,Missing Frame in File 2
136519,1,-9,Missing Frame in File 2
136520,1,-9,Missing Frame in File 2
136521,1,-9,Missing Frame in File 2
136522,1,-9,Missing Frame in File 2
136523,1,-9,Missing Frame in File 2
136524,1,-9,Missing Frame in File 2
136525,1,-9,Missing Frame in File 2
136526,1,-9,Missing Frame in File 2
136527,1,-9,Missing Frame in File 2
136528,1,-9,Missing Frame in File 2
136529,1,-9,Missing Frame in File 2
136530,1,-9,Missing Frame in File 2
136531,1,-9,Missing Frame in File 2
136532,1,-9,Missing Frame in File 2
136533,1,-9,Missing Frame in File 2
136534,1,-9,Missing Frame in File 2
136535,1,-9,Missing Frame in File 2
136536,1,-9,Missing Frame in File 2
136537,1,-9,Missing Frame in File 2
136538,1,-9,Missing Frame in File 2
136539,1,-9,Missing Frame in File 2
136540,1,-9,Missing Frame in File 2
136541,1,-9,Missing Frame in File 2
136542,1,-9,Missing Frame in File 2
136543,1,-9,Missing Frame in File 2
136544,1,-9,Missing Frame in File 2
136545,1,-9,Missing Frame in File 2
136546,1,-9,Missing Frame in File 2
136547,1,-9,Missing Frame in File 2
136548,1,-9,Missing Frame in File 2
136549,1,-9,Missing Frame in File 2
136550,1,-9,Missing Frame in File 2
136551,1,-9,Missing Frame in File 2
136552,1,-9,Missing Frame in File 2
136553,1,-9,Missing Frame in File 2
136554,1,-9,Missing Frame in File 2
136555,1,-9,Missing Frame in File 2
136556,1,-9,Missing Frame in File 2
136557,1,-9,Missing Frame in File 2
136558,1,-9,Missing Frame in File 2
136559,1,-9,Missing Frame in File 2
136560,1,-9,Missing Frame in File 2
136561,1,-9,Missing Frame in File 2
136562,1,-9,Missing Frame in File 2
136563,1,-9,Missing Frame in File 2
136564,1,-9,Missing Frame in File 2
136565,1,-9,Missing Frame in File 2
136566,1,-9,Missing Frame in File 2
136567,1,-9,Missing Frame in File 2
136568,1,-9,Missing Frame in File 2
136569,1,-9,Missing Frame in File 2
136570,1,-9,Missing Frame in File 2
136571,1,-9,Missing Frame in File 2
136572,1,-9,Missing Frame in File 2
136573,1,-9,Missing Frame in File 2
136574,1,-9,Missing Frame in File 2
136575,1,-9,Missing Frame in File 2
136576,1,-9,Missing Frame in File 2
136577,1,-9,Missing Frame in File 2
136578,1,-9,Missing Frame in File 2
136579,1,-9,Missing Frame in File 2
136580,1,-9,Missing Frame in File 2
136581,1,-9,Missing Frame in File 2
136582,1,-9,Missing Frame in File 2
136583,1,-9,Missing Frame in File 2
136584,1,-9,Missing Frame in File 2
136585,1,-9,Missing Frame in File 2
136586,1,-9,Missing Frame in File 2
136587,1,-9,Missing Frame in File 2
136588,1,-9,Missing Frame in File 2
136589,1,-9,Missing Frame in File 2
136590,1,-9,Missing Frame in File 2
136591,1,-9,Missing Frame in File 2
136592,1,-9,Missing Frame in File 2
136593,1,-9,Missing Frame in File 2
136594,1,-9,Missing Frame in File 2
136595,1,-9,Missing Frame in File 2
136596,1,-9,Missing Frame in File 2
136597,1,-9,Missing Frame in File 2
136598,1,-9,Missing Frame in File 2
136599,1,-9,Missing Frame in File 2
136600,1,-9,Missing Frame in File 2
136601,1,-9,Missing Frame in File 2
136602,1,-9,Missing Frame in File 2
136603,1,-9,Missing Frame in File 2
136604,1,-9,Missing Frame in File 2
136605,1,-9,Missing Frame in File 2
136606,1,-9,Missing Frame in File 2
136607,1,-9,Missing Frame in File 2
136608,1,-9,Missing Frame in File 2
136609,1,-9,Missing Frame in File 2
136610,1,-9,Missing Frame in File 2
136611,1,-9,Missing Frame in File 2
136612,1,-9,Missing Frame in File 2
136613,1,-9,Missing Frame in File 2
136614,1,-9,Missing Frame in File 2
136615,1,-9,Missing Frame in File 2
136616,1,-9,Missing Frame in File 2
136617,1,-9,Missing Frame in File 2
136618,1,-9,Missing Frame in File 2
136619,1,-9,Missing Frame in File 2
136620,1,-9,Missing Frame in File 2
136840,-9,-9,Missing Frame in File 2
136841,-9,-9,Missing Frame in File 2
136842,-9,-9,Missing Frame in File 2
136843,0,-9,Missing Frame in File 2
136844,0,-9,Missing Frame in File 2
136845,0,-9,Missing Frame in File 2
136846,0,-9,Missing Frame in File 2
136847,0,-9,Missing Frame in File 2
136848,0,-9,Missing Frame in File 2
136849,0,-9,Missing Frame in File 2
136850,0,-9,Missing Frame in File 2
136851,0,-9,Missing Frame in File 2
136852,0,-9,Missing Frame in File 2
136853,0,-9,Missing Frame in File 2
136854,0,-9,Missing Frame in File 2
136855,0,-9,Missing Frame in File 2
136856,0,-9,Missing Frame in File 2
136857,0,-9,Missing Frame in File 2
136858,0,-9,Missing Frame in File 2
136859,0,-9,Missing Frame in File 2
136860,1,-9,Missing Frame in File 2
136861,1,-9,Missing Frame in File 2
136862,1,-9,Missing Frame in File 2
136863,1,-9,Missing Frame in File 2
136864,1,-9,Missing Frame in File 2
136865,1,-9,Missing Frame in File 2
136866,1,-9,Missing Frame in File 2
136867,1,-9,Missing Frame in File 2
136868,1,-9,Missing Frame in File 2
136869,1,-9,Missing Frame in File 2
136870,1,-9,Missing Frame in File 2
136871,1,-9,Missing Frame in File 2
136872,1,-9,Missing Frame in File 2
136873,1,-9,Missing Frame in File 2
136874,1,-9,Missing Frame in File 2
136875,1,-9,Missing Frame in File 2
136876,1,-9,Missing Frame in File 2
136877,1,-9,Missing Frame in File 2
136878,1,-9,Missing Frame in File 2
136879,1,-9,Missing Frame in File 2
136880,1,-9,Missing Frame in File 2
136881,1,-9,Missing Frame in File 2
136882,1,-9,Missing Frame in File 2
136883,1,-9,Missing Frame in File 2
136884,1,-9,Missing Frame in File 2
136885,1,-9,Missing Frame in File 2
136886,1,-9,Missing Frame in File 2
136887,1,-9,Missing Frame in File 2
136888,1,-9,Missing Frame in File 2
136889,1,-9,Missing Frame in File 2
136890,1,-9,Missing Frame in File 2
136891,1,-9,Missing Frame in File 2
136892,1,-9,Missing Frame in File 2
136893,1,-9,Missing Frame in File 2
136894,1,-9,Missing Frame in File 2
136895,1,-9,Missing Frame in File 2
136896,1,-9,Missing Frame in File 2
136897,1,-9,Missing Frame in File 2
136898,1,-9,Missing Frame in File 2
136899,1,-9,Missing Frame in File 2
136900,1,-9,Missing Frame in File 2
136901,1,-9,Missing Frame in File 2
136902,1,-9,Missing Frame in File 2
136903,1,-9,Missing Frame in File 2
136904,1,-9,Missing Frame in File 2
136905,1,-9,Missing Frame in File 2
136906,1,-9,Missing Frame in File 2
136907,1,-9,Missing Frame in File 2
136908,1,-9,Missing Frame in File 2
136909,1,-9,Missing Frame in File 2
136910,1,-9,Missing Frame in File 2
136911,1,-9,Missing Frame in File 2
136912,1,-9,Missing Frame in File 2
136913,1,-9,Missing Frame in File 2
136914,1,-9,Missing Frame in File 2
136915,1,-9,Missing Frame in File 2
136916,1,-9,Missing Frame in File 2
136917,1,-9,Missing Frame in File 2
136918,1,-9,Missing Frame in File 2
136919,1,-9,Missing Frame in File 2
136920,1,-9,Missing Frame in File 2
136921,1,-9,Missing Frame in File 2
136922,1,-9,Missing Frame in File 2
136923,1,-9,Missing Frame in File 2
136924,1,-9,Missing Frame in File 2
136925,1,-9,Missing Frame in File 2
136926,1,-9,Missing Frame in File 2
136927,1,-9,Missing Frame in File 2
136928,1,-9,Missing Frame in File 2
136929,1,-9,Missing Frame in File 2
136930,1,-9,Missing Frame in File 2
136931,1,-9,Missing Frame in File 2
136932,1,-9,Missing Frame in File 2
136933,1,-9,Missing Frame in File 2
136934,1,-9,Missing Frame in File 2
136935,1,-9,Missing Frame in File 2
136936,1,-9,Missing Frame in File 2
136937,1,-9,Missing Frame in File 2
136938,1,-9,Missing Frame in File 2
136939,1,-9,Missing Frame in File 2
136940,1,-9,Missing Frame in File 2
136941,0,-9,Missing Frame in File 2
136942,0,-9,Missing Frame in File 2
136943,0,-9,Missing Frame in File 2
136944,0,-9,Missing Frame in File 2
136945,0,-9,Missing Frame in File 2
136946,0,-9,Missing Frame in File 2
136947,0,-9,Missing Frame in File 2
136948,0,-9,Missing Frame in File 2
136949,0,-9,Missing Frame in File 2
136950,0,-9,Missing Frame in File 2
136951,0,-9,Missing Frame in File 2
136952,0,-9,Missing Frame in File 2
136953,0,-9,Missing Frame in File 2
136954,0,-9,Missing Frame in File 2
136955,0,-9,Missing Frame in File 2
136956,0,-9,Missing Frame in File 2
136957,0,-9,Missing Frame in File 2
136958,0,-9,Missing Frame in File 2
136959,0,-9,Missing Frame in File 2
136960,0,-9,Missing Frame in File 2
136961,0,-9,Missing Frame in File 2
136962,0,-9,Missing Frame in File 2
136963,0,-9,Missing Frame in File 2
136964,0,-9,Missing Frame in File 2
136965,0,-9,Missing Frame in File 2
136966,0,-9,Missing Frame in File 2
136967,0,-9,Missing Frame in File 2
136968,0,-9,Missing Frame in File 2
136969,0,-9,Missing Frame in File 2
136970,0,-9,Missing Frame in File 2
136971,0,-9,Missing Frame in File 2
136972,0,-9,Missing Frame in File 2
136973,0,-9,Missing Frame in File 2
136974,0,-9,Missing Frame in File 2
136975,0,-9,Missing Frame in File 2
136976,0,-9,Missing Frame in File 2
136977,0,-9,Missing Frame in File 2
136978,0,-9,Missing Frame in File 2
136979,0,-9,Missing Frame in File 2
136980,0,-9,Missing Frame in File 2
136981,0,-9,Missing Frame in File 2
136982,0,-9,Missing Frame in File 2
136983,0,-9,Missing Frame in File 2
136984,0,-9,Missing Frame in File 2
136985,0,-9,Missing Frame in File 2
136986,0,-9,Missing Frame in File 2
136987,0,-9,Missing Frame in File 2
136988,0,-9,Missing Frame in File 2
136989,0,-9,Missing Frame in File 2
136990,0,-9,Missing Frame in File 2
136991,0,-9,Missing Frame in File 2
136992,0,-9,Missing Frame in File 2
136993,0,-9,Missing Frame in File 2
136994,0,-9,Missing Frame in File 2
136995,0,-9,Missing Frame in File 2
136996,0,-9,Missing Frame in File 2
136997,0,-9,Missing Frame in File 2
136998,0,-9,Missing Frame in File 2
136999,0,-9,Missing Frame in File 2
137000,0,-9,Missing Frame in File 2
137001,0,-9,Missing Frame in File 2
137002,0,-9,Missing Frame in File 2
137003,0,-9,Missing Frame in File 2
137004,0,-9,Missing Frame in File 2
137005,0,-9,Missing Frame in File 2
137006,0,-9,Missing Frame in File 2
137007,0,-9,Missing Frame in File 2
137008,0,-9,Missing Frame in File 2
137009,0,-9,Missing Frame in File 2
137010,0,-9,Missing Frame in File 2
137011,0,-9,Missing Frame in File 2
137012,0,-9,Missing Frame in File 2
137013,0,-9,Missing Frame in File 2
137014,0,-9,Missing Frame in File 2
137015,0,-9,Missing Frame in File 2
137016,0,-9,Missing Frame in File 2
137017,0,-9,Missing Frame in File 2
137018,0,-9,Missing Frame in File 2
137019,0,-9,Missing Frame in File 2
137020,0,-9,Missing Frame in File 2
137021,0,-9,Missing Frame in File 2
137022,0,-9,Missing Frame in File 2
137023,0,-9,Missing Frame in File 2
137024,0,-9,Missing Frame in File 2
137025,0,-9,Missing Frame in File 2
137026,0,-9,Missing Frame in File 2
137027,0,-9,Missing Frame in File 2
137028,3,-9,Missing Frame in File 2
137029,3,-9,Missing Frame in File 2
137030,3,-9,Missing Frame in File 2
137031,3,-9,Missing Frame in File 2
137032,3,-9,Missing Frame in File 2
137033,3,-9,Missing Frame in File 2
137034,3,-9,Missing Frame in File 2
137035,3,-9,Missing Frame in File 2
137036,3,-9,Missing Frame in File 2
137037,3,-9,Missing Frame in File 2
137038,3,-9,Missing Frame in File 2
137039,3,-9,Missing Frame in File 2
137040,3,-9,Missing Frame in File 2
137041,3,-9,Missing Frame in File 2
137042,3,-9,Missing Frame in File 2
137043,3,-9,Missing Frame in File 2
137044,3,-9,Missing Frame in File 2
137045,3,-9,Missing Frame in File 2
137046,3,-9,Missing Frame in File 2
137047,3,-9,Missing Frame in File 2
137048,3,-9,Missing Frame in File 2
137049,3,-9,Missing Frame in File 2
137050,3,-9,Missing Frame in File 2
137051,3,-9,Missing Frame in File 2
137052,3,-9,Missing Frame in File 2
137053,3,-9,Missing Frame in File 2
137054,3,-9,Missing Frame in File 2
137055,3,-9,Missing Frame in File 2
137056,3,-9,Missing Frame in File 2
137057,3,-9,Missing Frame in File 2
137058,3,-9,Missing Frame in File 2
137059,3,-9,Missing Frame in File 2
137060,3,-9,Missing Frame in File 2
137061,3,-9,Missing Frame in File 2
137062,3,-9,Missing Frame in File 2
137063,3,-9,Missing Frame in File 2
137064,3,-9,Missing Frame in File 2
137065,3,-9,Missing Frame in File 2
137066,3,-9,Missing Frame in File 2
137067,3,-9,Missing Frame in File 2
137068,0,-9,Missing Frame in File 2
137069,0,-9,Missing Frame in File 2
137070,0,-9,Missing Frame in File 2
137071,0,-9,Missing Frame in File 2
137072,0,-9,Missing Frame in File 2
137073,0,-9,Missing Frame in File 2
137074,0,-9,Missing Frame in File 2
137075,0,-9,Missing Frame in File 2
137076,0,-9,Missing Frame in File 2
137077,0,-9,Missing Frame in File 2
137078,0,-9,Missing Frame in File 2
137079,0,-9,Missing Frame in File 2
137080,0,-9,Missing Frame in File 2
137081,0,-9,Missing Frame in File 2
137082,0,-9,Missing Frame in File 2
137083,0,-9,Missing Frame in File 2
137084,0,-9,Missing Frame in File 2
137085,0,-9,Missing Frame in File 2
137086,0,-9,Missing Frame in File 2
137087,0,-9,Missing Frame in File 2
137088,0,-9,Missing Frame in File 2
137089,0,-9,Missing Frame in File 2
137090,0,-9,Missing Frame in File 2
137091,0,-9,Missing Frame in File 2
137092,0,-9,Missing Frame in File 2
137093,0,-9,Missing Frame in File 2
137094,0,-9,Missing Frame in File 2
137095,0,-9,Missing Frame in File 2
137096,0,-9,Missing Frame in File 2
137097,0,-9,Missing Frame in File 2
137098,0,-9,Missing Frame in File 2
137099,0,-9,Missing Frame in File 2
137100,0,-9,Missing Frame in File 2
137101,0,-9,Missing Frame in File 2
137102,0,-9,Missing Frame in File 2
137103,0,-9,Missing Frame in File 2
137104,0,-9,Missing Frame in File 2
137105,0,-9,Missing Frame in File 2
137106,0,-9,Missing Frame in File 2
137107,0,-9,Missing Frame in File 2
137108,0,-9,Missing Frame in File 2
137109,0,-9,Missing Frame in File 2
137110,0,-9,Missing Frame in File 2
137111,0,-9,Missing Frame in File 2
137112,0,-9,Missing Frame in File 2
137113,0,-9,Missing Frame in File 2
137114,0,-9,Missing Frame in File 2
137115,-9,-9,Missing Frame in File 2
138796,-9,-9,Missing Frame in File 2
138797,-9,-9,Missing Frame in File 2
138798,-9,-9,Missing Frame in File 2
138799,-9,-9,Missing Frame in File 2
138800,-9,-9,Missing Frame in File 2
138801,-9,-9,Missing Frame in File 2
138802,-9,-9,Missing Frame in File 2
138803,-9,-9,Missing Frame in File 2
138804,-9,-9,Missing Frame in File 2
138805,-9,-9,Missing Frame in File 2
138806,-9,-9,Missing Frame in File 2
138807,-9,-9,Missing Frame in File 2
138808,-9,-9,Missing Frame in File 2
138809,-9,-9,Missing Frame in File 2
138810,-9,-9,Missing Frame in File 2
138811,-9,-9,Missing Frame in File 2
138812,-9,-9,Missing Frame in File 2
138813,-9,-9,Missing Frame in File 2
138814,-9,-9,Missing Frame in File 2
138815,-9,-9,Missing Frame in File 2
138816,-9,-9,Missing Frame in File 2
138817,-9,-9,Missing Frame in File 2
138818,-9,-9,Missing Frame in File 2
138819,-9,-9,Missing Frame in File 2
138820,-9,-9,Missing Frame in File 2
138821,-9,-9,Missing Frame in File 2
138822,-9,-9,Missing Frame in File 2
138823,-9,-9,Missing Frame in File 2
138824,-9,-9,Missing Frame in File 2
138825,-9,-9,Missing Frame in File 2
138826,-9,-9,Missing Frame in File 2
138827,-9,-9,Missing Frame in File 2
138828,-9,-9,Missing Frame in File 2
138829,-9,-9,Missing Frame in File 2
138830,-9,-9,Missing Frame in File 2
138831,-9,-9,Missing Frame in File 2
138832,-9,-9,Missing Frame in File 2
138833,-9,-9,Missing Frame in File 2
138834,-9,-9,Missing Frame in File 2
138835,-9,-9,Missing Frame in File 2
138836,-9,-9,Missing Frame in File 2
138837,-9,-9,Missing Frame in File 2
138838,-9,-9,Missing Frame in File 2
138839,-9,-9,Missing Frame in File 2
138840,-9,-9,Missing Frame in File 2
138841,-9,-9,Missing Frame in File 2
138842,-9,-9,Missing Frame in File 2
138843,-9,-9,Missing Frame in File 2
138844,-9,-9,Missing Frame in File 2
138845,-9,-9,Missing Frame in File 2
138846,-9,-9,Missing Frame in File 2
138847,-9,-9,Missing Frame in File 2
138848,-9,-9,Missing Frame in File 2
138849,-9,-9,Missing Frame in File 2
138850,-9,-9,Missing Frame in File 2
138851,-9,-9,Missing Frame in File 2
138852,-9,-9,Missing Frame in File 2
138853,-9,-9,Missing Frame in File 2
138854,-9,-9,Missing Frame in File 2
138855,-9,-9,Missing Frame in File 2
138856,-9,-9,Missing Frame in File 2
138857,-9,-9,Missing Frame in File 2
138858,-9,-9,Missing Frame in File 2
138859,-9,-9,Missing Frame in File 2
138860,-9,-9,Missing Frame in File 2
138861,-9,-9,Missing Frame in File 2
138862,-9,-9,Missing Frame in File 2
138863,-9,-9,Missing Frame in File 2
138864,-9,-9,Missing Frame in File 2
138865,-9,-9,Missing Frame in File 2
138866,-9,-9,Missing Frame in File 2
138867,-9,-9,Missing Frame in File 2
138868,-9,-9,Missing Frame in File 2
138869,-9,-9,Missing Frame in File 2
138870,-9,-9,Missing Frame in File 2
138871,-9,-9,Missing Frame in File 2
138872,-9,-9,Missing Frame in File 2
138873,-9,-9,Missing Frame in File 2
138874,-9,-9,Missing Frame in File 2
138875,-9,-9,Missing Frame in File 2
138876,-9,-9,Missing Frame in File 2
138877,-9,-9,Missing Frame in File 2
138878,-9,-9,Missing Frame in File 2
138879,-9,-9,Missing Frame in File 2
138880,-9,-9,Missing Frame in File 2
138881,-9,-9,Missing Frame in File 2
138882,-9,-9,Missing Frame in File 2
138883,-9,-9,Missing Frame in File 2
138884,-9,-9,Missing Frame in File 2
138885,-9,-9,Missing Frame in File 2
138886,-9,-9,Missing Frame in File 2
138887,-9,-9,Missing Frame in File 2
138888,-9,-9,Missing Frame in File 2
138889,-9,-9,Missing Frame in File 2
138890,-9,-9,Missing Frame in File 2
138891,-9,-9,Missing Frame in File 2
138892,-9,-9,Missing Frame in File 2
138893,-9,-9,Missing Frame in File 2
138894,-9,-9,Missing Frame in File 2
138895,-9,-9,Missing Frame in File 2
138896,-9,-9,Missing Frame in File 2
138897,-9,-9,Missing Frame in File 2
138898,-9,-9,Missing Frame in File 2
138899,-9,-9,Missing Frame in File 2
138900,-9,-9,Missing Frame in File 2
138901,-9,-9,Missing Frame in File 2
138902,-9,-9,Missing Frame in File 2
138903,-9,-9,Missing Frame in File 2
138904,-9,-9,Missing Frame in File 2
138905,-9,-9,Missing Frame in File 2
138906,-9,-9,Missing Frame in File 2
138907,-9,-9,Missing Frame in File 2
138908,-9,-9,Missing Frame in File 2
138909,-9,-9,Missing Frame in File 2
138910,-9,-9,Missing Frame in File 2
138911,-9,-9,Missing Frame in File 2
138912,-9,-9,Missing Frame in File 2
138913,-9,-9,Missing Frame in File 2
138914,-9,-9,Missing Frame in File 2
138915,-9,-9,Missing Frame in File 2
140572,-9,-9,Missing Frame in File 2
140573,-9,-9,Missing Frame in File 2
140574,-9,-9,Missing Frame in File 2
140575,-9,-9,Missing Frame in File 2
140576,-9,-9,Missing Frame in File 2
140577,-9,-9,Missing Frame in File 2
140578,-9,-9,Missing Frame in File 2
140579,-9,-9,Missing Frame in File 2
140580,-9,-9,Missing Frame in File 2
140581,-9,-9,Missing Frame in File 2
140582,-9,-9,Missing Frame in File 2
140583,-9,-9,Missing Frame in File 2
140584,-9,-9,Missing Frame in File 2
140585,-9,-9,Missing Frame in File 2
140586,-9,-9,Missing Frame in File 2
140587,-9,-9,Missing Frame in File 2
140588,-9,-9,Missing Frame in File 2
140589,-9,-9,Missing Frame in File 2
140590,-9,-9,Missing Frame in File 2
140591,-9,-9,Missing Frame in File 2
140592,-9,-9,Missing Frame in File 2
140593,-9,-9,Missing Frame in File 2
140594,-9,-9,Missing Frame in File 2
140595,-9,-9,Missing Frame in File 2
140596,-9,-9,Missing Frame in File 2
140597,-9,-9,Missing Frame in File 2
140598,-9,-9,Missing Frame in File 2
140599,-9,-9,Missing Frame in File 2
140600,-9,-9,Missing Frame in File 2
140601,-9,-9,Missing Frame in File 2
140602,-9,-9,Missing Frame in File 2
140603,-9,-9,Missing Frame in File 2
140604,-9,-9,Missing Frame in File 2
140605,-9,-9,Missing Frame in File 2
140606,-9,-9,Missing Frame in File 2
140607,-9,-9,Missing Frame in File 2
140608,-9,-9,Missing Frame in File 2
140609,-9,-9,Missing Frame in File 2
140610,-9,-9,Missing Frame in File 2
140611,-9,-9,Missing Frame in File 2
140612,-9,-9,Missing Frame in File 2
140613,-9,-9,Missing Frame in File 2
140614,-9,-9,Missing Frame in File 2
140615,-9,-9,Missing Frame in File 2
140616,-9,-9,Missing Frame in File 2
140617,-9,-9,Missing Frame in File 2
140618,-9,-9,Missing Frame in File 2
140619,-9,-9,Missing Frame in File 2
140620,-9,-9,Missing Frame in File 2
140621,-9,-9,Missing Frame in File 2
140622,-9,-9,Missing Frame in File 2
140623,-9,-9,Missing Frame in File 2
140624,-9,-9,Missing Frame in File 2
140625,-9,-9,Missing Frame in File 2
140626,-9,-9,Missing Frame in File 2
140627,-9,-9,Missing Frame in File 2
140628,-9,-9,Missing Frame in File 2
140629,-9,-9,Missing Frame in File 2
140630,-9,-9,Missing Frame in File 2
140631,-9,-9,Missing Frame in File 2
140632,-9,-9,Missing Frame in File 2
140633,-9,-9,Missing Frame in File 2
140634,-9,-9,Missing Frame in File 2
140635,-9,-9,Missing Frame in File 2
140636,-9,-9,Missing Frame in File 2
140637,-9,-9,Missing Frame in File 2
140638,-9,-9,Missing Frame in File 2
140639,-9,-9,Missing Frame in File 2
140640,-9,-9,Missing Frame in File 2
140641,-9,-9,Missing Frame in File 2
140642,-9,-9,Missing Frame in File 2
140643,-9,-9,Missing Frame in File 2
140644,-9,-9,Missing Frame in File 2
140645,-9,-9,Missing Frame in File 2
141049,-9,0,Mismatch
141050,2,0,Mismatch
141051,2,0,Mismatch
141052,2,0,Mismatch
141053,2,0,Mismatch
141054,2,0,Mismatch
141055,2,0,Mismatch
141056,2,0,Mismatch
141057,2,0,Mismatch
141058,2,0,Mismatch
141059,2,0,Mismatch
141060,2,0,Mismatch
141061,2,0,Mismatch
141062,2,0,Mismatch
141063,2,0,Mismatch
141064,2,0,Mismatch
141065,2,0,Mismatch
141066,2,0,Mismatch
141067,2,0,Mismatch
141068,2,0,Mismatch
141069,2,0,Mismatch
141070,2,0,Mismatch
141071,2,0,Mismatch
141072,2,0,Mismatch
141073,2,0,Mismatch
141074,2,0,Mismatch
141075,2,0,Mismatch
141076,2,0,Mismatch
141077,2,0,Mismatch
141078,2,0,Mismatch
141079,2,0,Mismatch
141080,2,0,Mismatch
141081,2,0,Mismatch
141082,2,0,Mismatch
141083,2,0,Mismatch
141084,2,0,Mismatch
141085,2,0,Mismatch
141086,2,0,Mismatch
141087,2,0,Mismatch
141088,2,0,Mismatch
141089,2,0,Mismatch
141090,2,0,Mismatch
141091,2,0,Mismatch
141092,2,0,Mismatch
141093,2,0,Mismatch
141094,2,0,Mismatch
141095,2,0,Mismatch
141096,2,0,Mismatch
141097,2,0,Mismatch
141098,2,0,Mismatch
141099,2,0,Mismatch
141100,2,0,Mismatch
141101,2,0,Mismatch
141102,2,0,Mismatch
141103,2,0,Mismatch
141104,2,0,Mismatch
141105,2,0,Mismatch
141106,2,0,Mismatch
141107,2,0,Mismatch
141108,2,0,Mismatch
141109,2,0,Mismatch
141110,2,0,Mismatch
141111,2,0,Mismatch
141112,2,0,Mismatch
141113,2,0,Mismatch
141114,2,0,Mismatch
141115,2,0,Mismatch
141116,2,0,Mismatch
141117,2,0,Mismatch
141118,2,0,Mismatch
141119,2,0,Mismatch
141120,2,0,Mismatch
141121,2,0,Mismatch
141122,2,0,Mismatch
141123,2,0,Mismatch
141124,2,0,Mismatch
141125,2,0,Mismatch
141126,2,0,Mismatch
141127,2,0,Mismatch
141128,2,0,Mismatch
141129,2,0,Mismatch
141130,2,0,Mismatch
141131,2,0,Mismatch
141132,2,0,Mismatch
141133,2,0,Mismatch
141134,2,0,Mismatch
141135,2,0,Mismatch
141136,2,0,Mismatch
141137,2,0,Mismatch
141138,2,0,Mismatch
141139,2,0,Mismatch
141140,2,0,Mismatch
141141,2,0,Mismatch
141142,2,0,Mismatch
141143,2,0,Mismatch
141144,2,0,Mismatch
141145,2,0,Mismatch
141146,2,0,Mismatch
141147,2,0,Mismatch
141148,2,0,Mismatch
141149,2,0,Mismatch
141150,2,0,Mismatch
141151,2,0,Mismatch
141152,2,0,Mismatch
141153,2,0,Mismatch
141154,2,0,Mismatch
141155,2,0,Mismatch
141156,2,0,Mismatch
141157,2,0,Mismatch
141158,2,0,Mismatch
141159,2,0,Mismatch
141160,2,0,Mismatch
141161,2,0,Mismatch
141162,2,0,Mismatch
141163,2,0,Mismatch
141164,2,0,Mismatch
141165,2,0,Mismatch
141166,2,0,Mismatch
141167,2,0,Mismatch
141168,2,0,Mismatch
141169,2,0,Mismatch
141170,2,0,Mismatch
141171,2,0,Mismatch
141172,2,0,Mismatch
141173,2,0,Mismatch
141174,2,0,Mismatch
141175,2,0,Mismatch
141176,2,0,Mismatch
141177,2,0,Mismatch
141178,2,0,Mismatch
141179,2,0,Mismatch
141180,2,0,Mismatch
141181,2,0,Mismatch
141182,2,0,Mismatch
141183,2,0,Mismatch
141184,2,0,Mismatch
141185,2,0,Mismatch
141186,2,0,Mismatch
141187,2,0,Mismatch
141188,2,0,Mismatch
141189,2,0,Mismatch
141190,2,0,Mismatch
141191,2,0,Mismatch
141192,2,0,Mismatch
141193,2,0,Mismatch
141194,2,0,Mismatch
141195,2,0,Mismatch
141196,2,0,Mismatch
141197,2,0,Mismatch
141198,2,0,Mismatch
141199,2,0,Mismatch
141200,2,0,Mismatch
141201,2,0,Mismatch
141202,2,0,Mismatch
141203,2,0,Mismatch
141204,2,0,Mismatch
141205,2,0,Mismatch
141206,2,0,Mismatch
141207,2,0,Mismatch
141208,2,0,Mismatch
141209,2,0,Mismatch
141210,2,0,Mismatch
141211,2,0,Mismatch
141212,2,0,Mismatch
141213,2,0,Mismatch
141214,2,0,Mismatch
141215,2,0,Mismatch
141216,2,0,Mismatch
141217,2,0,Mismatch
141218,2,0,Mismatch
141219,2,0,Mismatch
141220,2,0,Mismatch
141221,2,0,Mismatch
141222,2,0,Mismatch
141223,2,0,Mismatch
141224,2,0,Mismatch
141225,2,0,Mismatch
141226,2,0,Mismatch
141227,2,0,Mismatch
141228,2,0,Mismatch
141229,2,0,Mismatch
141230,2,0,Mismatch
141231,2,0,Mismatch
141232,2,0,Mismatch
141233,2,0,Mismatch
141234,2,0,Mismatch
141235,2,0,Mismatch
141236,2,0,Mismatch
141237,2,0,Mismatch
141238,2,0,Mismatch
141239,2,0,Mismatch
141240,2,0,Mismatch
141241,2,0,Mismatch
141242,2,0,Mismatch
141243,2,0,Mismatch
141244,2,0,Mismatch
141245,2,0,Mismatch
141246,2,0,Mismatch
141247,2,0,Mismatch
141248,2,0,Mismatch
141249,2,0,Mismatch
141250,2,0,Mismatch
141251,2,0,Mismatch
141252,2,0,Mismatch
141253,2,0,Mismatch
141254,2,0,Mismatch
141255,2,0,Mismatch
141256,2,0,Mismatch
141257,2,0,Mismatch
141258,2,0,Mismatch
141259,2,0,Mismatch
141260,2,0,Mismatch
141261,2,0,Mismatch
141262,2,0,Mismatch
141263,2,0,Mismatch
141264,2,0,Mismatch
141265,2,0,Mismatch
141266,2,0,Mismatch
141267,2,0,Mismatch
141268,2,0,Mismatch
141269,2,0,Mismatch
141270,2,0,Mismatch
141271,2,0,Mismatch
141375,2,0,Mismatch
141376,2,0,Mismatch
141377,2,0,Mismatch
141378,2,0,Mismatch
141379,2,0,Mismatch
141380,2,0,Mismatch
141381,2,0,Mismatch
141382,2,0,Mismatch
141383,2,0,Mismatch
141384,2,0,Mismatch
141385,2,0,Mismatch
141386,2,0,Mismatch
141387,2,0,Mismatch
141388,2,0,Mismatch
141389,2,0,Mismatch
141390,2,0,Mismatch
141391,2,0,Mismatch
141392,2,0,Mismatch
141393,2,0,Mismatch
141394,2,0,Mismatch
141395,2,0,Mismatch
141396,2,0,Mismatch
141397,2,0,Mismatch
141398,2,0,Mismatch
141399,2,0,Mismatch
141400,-9,0,Missing Frame in File 1
141401,-9,0,Missing Frame in File 1
141402,-9,0,Missing Frame in File 1
141403,-9,0,Missing Frame in File 1
141404,-9,0,Missing Frame in File 1
141405,-9,0,Missing Frame in File 1
141406,-9,0,Missing Frame in File 1
141407,-9,0,Missing Frame in File 1
141408,-9,0,Missing Frame in File 1
141409,-9,0,Missing Frame in File 1
141410,-9,0,Missing Frame in File 1
141411,-9,0,Missing Frame in File 1
141412,-9,0,Missing Frame in File 1
141413,-9,0,Missing Frame in File 1
141414,-9,0,Missing Frame in File 1
141415,-9,0,Missing Frame in File 1
141416,-9,0,Missing Frame in File 1
141417,-9,0,Missing Frame in File 1
141418,-9,0,Missing Frame in File 1
141419,-9,0,Missing Frame in File 1
141420,-9,0,Missing Frame in File 1
141421,-9,0,Missing Frame in File 1
141422,-9,0,Missing Frame in File 1
141423,-9,0,Missing Frame in File 1
141424,-9,0,Missing Frame in File 1
141425,-9,0,Missing Frame in File 1
141426,-9,0,Missing Frame in File 1
141427,-9,0,Missing Frame in File 1
141428,-9,0,Missing Frame in File 1
141429,-9,0,Missing Frame in File 1
141430,-9,0,Missing Frame in File 1
141431,-9,0,Missing Frame in File 1
141432,-9,0,Missing Frame in File 1
141433,-9,0,Missing Frame in File 1
141434,-9,0,Missing Frame in File 1
141435,-9,0,Missing Frame in File 1
141436,-9,0,Missing Frame in File 1
141437,-9,0,Missing Frame in File 1
141438,-9,0,Missing Frame in File 1
141439,-9,0,Missing Frame in File 1
141440,-9,0,Missing Frame in File 1
141441,-9,0,Missing Frame in File 1
141442,-9,0,Missing Frame in File 1
141443,-9,0,Missing Frame in File 1
141444,-9,0,Missing Frame in File 1
141445,-9,0,Missing Frame in File 1
141446,-9,0,Missing Frame in File 1
141447,-9,0,Missing Frame in File 1
141448,-9,0,Missing Frame in File 1
141449,-9,0,Missing Frame in File 1
141450,-9,0,Missing Frame in File 1
141451,-9,0,Missing Frame in File 1
141452,-9,0,Missing Frame in File 1
141453,-9,0,Missing Frame in File 1
141454,-9,0,Missing Frame in File 1
141455,-9,0,Missing Frame in File 1
141456,-9,0,Missing Frame in File 1
141457,-9,0,Missing Frame in File 1
141458,-9,0,Missing Frame in File 1
141459,-9,0,Missing Frame in File 1
141460,-9,0,Missing Frame in File 1
141461,-9,0,Missing Frame in File 1
141462,-9,0,Missing Frame in File 1
141463,-9,0,Missing Frame in File 1
141464,-9,0,Missing Frame in File 1
141465,-9,0,Missing Frame in File 1
141466,-9,0,Missing Frame in File 1
141467,-9,0,Missing Frame in File 1
141468,-9,0,Missing Frame in File 1
141469,-9,0,Missing Frame in File 1
141470,-9,0,Missing Frame in File 1
141471,-9,0,Missing Frame in File 1
141472,-9,0,Missing Frame in File 1
141473,-9,0,Missing Frame in File 1
141474,-9,0,Missing Frame in File 1
141475,-9,0,Missing Frame in File 1
141476,-9,0,Missing Frame in File 1
141477,-9,0,Missing Frame in File 1
141478,-9,0,Missing Frame in File 1
141479,-9,0,Missing Frame in File 1
141480,-9,0,Missing Frame in File 1
141481,-9,0,Missing Frame in File 1
141482,-9,0,Missing Frame in File 1
141483,-9,0,Missing Frame in File 1
141484,-9,0,Missing Frame in File 1
141485,-9,0,Missing Frame in File 1
141486,-9,0,Missing Frame in File 1
141487,-9,0,Missing Frame in File 1
141488,-9,0,Missing Frame in File 1
141489,-9,0,Missing Frame in File 1
141490,-9,0,Missing Frame in File 1
141491,-9,0,Missing Frame in File 1
141492,-9,0,Missing Frame in File 1
141493,-9,0,Missing Frame in File 1
141494,-9,0,Missing Frame in File 1
141495,-9,0,Missing Frame in File 1
141496,-9,0,Missing Frame in File 1
141497,-9,0,Missing Frame in File 1
141498,-9,0,Missing Frame in File 1
141499,-9,0,Missing Frame in File 1
141500,-9,0,Missing Frame in File 1
141501,-9,0,Missing Frame in File 1
141502,-9,0,Missing Frame in File 1
141503,-9,0,Missing Frame in File 1
141504,-9,0,Missing Frame in File 1
141505,-9,0,Missing Frame in File 1
141506,-9,0,Missing Frame in File 1
141507,-9,0,Missing Frame in File 1
141508,-9,0,Missing Frame in File 1
141509,-9,0,Missing Frame in File 1
141510,-9,0,Missing Frame in File 1
141511,-9,0,Missing Frame in File 1
141512,-9,0,Missing Frame in File 1
141513,-9,0,Missing Frame in File 1
141514,-9,0,Missing Frame in File 1
141515,-9,0,Missing Frame in File 1
141516,-9,0,Missing Frame in File 1
141517,-9,0,Missing Frame in File 1
141518,-9,0,Missing Frame in File 1
141519,-9,0,Missing Frame in File 1
141520,-9,0,Missing Frame in File 1
141521,-9,0,Missing Frame in File 1
141522,-9,0,Missing Frame in File 1
141523,-9,0,Missing Frame in File 1
141524,-9,0,Missing Frame in File 1
141525,-9,0,Missing Frame in File 1
141526,-9,0,Missing Frame in File 1
141748,2,0,Mismatch
141749,2,0,Mismatch
141750,2,0,Mismatch
141751,2,0,Mismatch
141752,2,0,Mismatch
141753,2,0,Mismatch
141754,2,0,Mismatch
141755,2,0,Mismatch
141756,2,0,Mismatch
141757,2,0,Mismatch
141758,2,0,Mismatch
141759,2,0,Mismatch
141760,2,0,Mismatch
141761,2,0,Mismatch
141762,2,0,Mismatch
141763,2,0,Mismatch
141764,2,0,Mismatch
141765,2,0,Mismatch
141766,2,0,Mismatch
141767,2,0,Mismatch
141768,2,0,Mismatch
141769,2,0,Mismatch
141770,2,0,Mismatch
141771,1,0,Mismatch
141772,1,0,Mismatch
141773,1,0,Mismatch
141774,1,0,Mismatch
141775,1,0,Mismatch
141776,1,0,Mismatch
141777,1,0,Mismatch
141778,1,0,Mismatch
141779,1,0,Mismatch
141780,1,0,Mismatch
141781,1,0,Mismatch
141782,1,0,Mismatch
141783,1,0,Mismatch
141784,1,0,Mismatch
141785,1,0,Mismatch
141786,1,0,Mismatch
141787,1,0,Mismatch
141788,1,0,Mismatch
141789,1,0,Mismatch
141790,1,0,Mismatch
141791,1,0,Mismatch
141792,1,0,Mismatch
141793,1,0,Mismatch
141794,1,0,Mismatch
141795,1,0,Mismatch
141796,1,0,Mismatch
141797,1,0,Mismatch
141798,1,0,Mismatch
141799,1,0,Mismatch
141800,1,0,Mismatch
141801,1,0,Mismatch
141802,1,0,Mismatch
141803,1,0,Mismatch
141804,1,0,Mismatch
141805,1,0,Mismatch
141806,1,0,Mismatch
141807,1,0,Mismatch
141808,1,0,Mismatch
141809,1,0,Mismatch
141810,1,0,Mismatch
141811,1,0,Mismatch
141812,1,0,Mismatch
141813,1,0,Mismatch
141814,1,0,Mismatch
141815,1,0,Mismatch
141816,1,0,Mismatch
141852,-9,0,Mismatch
141853,-9,0,Mismatch
141854,-9,0,Mismatch
141855,-9,0,Mismatch
141856,-9,0,Mismatch
141857,-9,0,Mismatch
141858,-9,0,Mismatch
141859,-9,0,Mismatch
141860,-9,0,Mismatch
141861,-9,0,Mismatch
141862,-9,0,Mismatch
141863,-9,0,Mismatch
141864,-9,0,Mismatch
141865,-9,0,Mismatch
141866,-9,0,Mismatch
141867,-9,0,Mismatch
141868,-9,0,Mismatch
141869,-9,0,Mismatch
141870,-9,0,Mismatch
141871,-9,0,Mismatch
141872,-9,0,Mismatch
141873,-9,0,Mismatch
141874,-9,0,Mismatch
141875,-9,0,Mismatch
141876,-9,0,Mismatch
141877,-9,0,Mismatch
141878,-9,0,Mismatch
141879,-9,0,Mismatch
141880,-9,0,Mismatch
141881,-9,0,Mismatch
141882,-9,0,Mismatch
141883,-9,0,Mismatch
141884,-9,0,Mismatch
141885,-9,0,Mismatch
141886,-9,0,Mismatch
141887,-9,0,Mismatch
141888,-9,0,Mismatch
141889,-9,0,Mismatch
141890,-9,0,Mismatch
141891,-9,0,Mismatch
141892,-9,0,Mismatch
141893,-9,0,Mismatch
141894,-9,0,Mismatch
141895,-9,0,Mismatch
141896,-9,0,Mismatch
141897,-9,0,Mismatch
141898,-9,0,Mismatch
141899,-9,0,Mismatch
141900,-9,0,Mismatch
141901,-9,0,Mismatch
141902,-9,0,Mismatch
141903,-9,0,Mismatch
141904,-9,0,Mismatch
141905,-9,0,Mismatch
141906,-9,0,Mismatch
141907,-9,0,Mismatch
141908,-9,0,Mismatch
141909,-9,0,Mismatch
141910,-9,0,Mismatch
141911,-9,0,Mismatch
141912,-9,0,Mismatch
141913,-9,0,Mismatch
141914,-9,0,Mismatch
141915,-9,0,Mismatch
141916,-9,0,Mismatch
141917,-9,0,Mismatch
141918,-9,0,Mismatch
141919,-9,0,Mismatch
141920,-9,0,Mismatch
141921,-9,0,Mismatch
141922,-9,0,Mismatch
141923,-9,0,Mismatch
141924,-9,0,Mismatch
141925,-9,0,Mismatch
141926,-9,0,Mismatch
141927,-9,0,Mismatch
141928,-9,0,Mismatch
141929,-9,0,Missing Frame in File 1
141930,-9,0,Missing Frame in File 1
141931,-9,0,Missing Frame in File 1
141932,-9,0,Missing Frame in File 1
141933,-9,0,Missing Frame in File 1
141934,-9,0,Missing Frame in File 1
141935,-9,0,Missing Frame in File 1
141936,-9,0,Missing Frame in File 1
141937,-9,0,Missing Frame in File 1
141938,-9,0,Missing Frame in File 1
141939,-9,0,Missing Frame in File 1
141940,-9,0,Missing Frame in File 1
141941,-9,0,Missing Frame in File 1
141942,-9,0,Missing Frame in File 1
141943,-9,0,Missing Frame in File 1
141944,-9,0,Missing Frame in File 1
141945,-9,0,Missing Frame in File 1
141946,-9,0,Missing Frame in File 1
141947,-9,0,Missing Frame in File 1
141948,-9,0,Missing Frame in File 1
141949,-9,0,Missing Frame in File 1
141950,-9,0,Missing Frame in File 1
141951,-9,0,Missing Frame in File 1
141952,-9,0,Missing Frame in File 1
141953,-9,0,Missing Frame in File 1
141954,-9,0,Missing Frame in File 1
141955,-9,0,Missing Frame in File 1
141956,-9,0,Missing Frame in File 1
143381,0,2,Mismatch
143382,0,2,Mismatch
143383,0,2,Mismatch
143384,0,2,Mismatch
143385,0,2,Mismatch
143386,0,2,Mismatch
143387,0,2,Mismatch
143388,0,2,Mismatch
143389,0,2,Mismatch
143390,0,2,Mismatch
143391,0,2,Mismatch
143392,0,2,Mismatch
143393,0,2,Mismatch
143394,0,2,Mismatch
143395,0,2,Mismatch
143396,0,2,Mismatch
143397,0,2,Mismatch
143398,0,2,Mismatch
143399,0,2,Mismatch
143400,0,2,Mismatch
143401,0,2,Mismatch
143402,0,2,Mismatch
143403,0,2,Mismatch
143404,0,2,Mismatch
143405,0,2,Mismatch
143406,0,2,Mismatch
143407,0,2,Mismatch
143408,0,2,Mismatch
143409,0,2,Mismatch
143410,0,2,Mismatch
143411,0,2,Mismatch
143412,0,2,Mismatch
143413,0,2,Mismatch
143414,0,2,Mismatch
143415,0,2,Mismatch
143416,0,2,Mismatch
143417,0,2,Mismatch
143418,0,2,Mismatch
143419,0,2,Mismatch
143420,0,2,Mismatch
143421,0,2,Mismatch
143422,0,2,Mismatch
143423,0,2,Mismatch
143424,3,2,Mismatch
143425,3,2,Mismatch
143426,3,2,Mismatch
143427,3,2,Mismatch
143428,3,2,Mismatch
143429,3,2,Mismatch
143430,3,2,Mismatch
143431,3,2,Mismatch
143432,3,2,Mismatch
143433,3,2,Mismatch
143434,3,2,Mismatch
143435,3,2,Mismatch
143436,3,2,Mismatch
143437,3,2,Mismatch
143438,3,2,Mismatch
143439,3,2,Mismatch
143440,3,2,Mismatch
143441,3,2,Mismatch
143442,3,2,Mismatch
143443,3,2,Mismatch
143444,3,2,Mismatch
143445,3,2,Mismatch
143446,3,2,Mismatch
143447,3,2,Mismatch
143448,3,2,Mismatch
143449,3,2,Mismatch
143450,3,2,Mismatch
143451,3,2,Mismatch
143452,3,2,Mismatch
143453,3,2,Mismatch
143454,3,2,Mismatch
143455,3,2,Mismatch
143456,3,2,Mismatch
143457,3,2,Mismatch
143458,3,2,Mismatch
143459,3,2,Mismatch
143460,3,2,Mismatch
143461,3,2,Mismatch
143462,3,2,Mismatch
143463,3,2,Mismatch
143464,3,2,Mismatch
143465,3,2,Mismatch
143466,3,2,Mismatch
143467,3,2,Mismatch
143468,3,2,Mismatch
143469,3,2,Mismatch
143470,3,2,Mismatch
143471,3,2,Mismatch
143472,3,2,Mismatch
143473,3,2,Mismatch
143474,3,2,Mismatch
143475,3,2,Mismatch
143476,1,2,Mismatch
143477,1,2,Mismatch
143478,1,2,Mismatch
143479,1,2,Mismatch
143480,1,2,Mismatch
143481,1,2,Mismatch
143482,1,2,Mismatch
143483,1,2,Mismatch
143484,1,2,Mismatch
143485,1,2,Mismatch
143486,1,2,Mismatch
143487,1,2,Mismatch
143488,1,2,Mismatch
143489,1,2,Mismatch
143490,1,2,Mismatch
143491,1,2,Mismatch
143492,1,2,Mismatch
143493,1,2,Mismatch
143494,1,2,Mismatch
143495,1,2,Mismatch
143496,1,2,Mismatch
143497,1,2,Mismatch
143498,1,2,Mismatch
143499,1,2,Mismatch
143500,1,2,Mismatch
143501,1,2,Mismatch
143502,1,2,Mismatch
143503,1,2,Mismatch
143504,1,2,Mismatch
143505,1,2,Mismatch
143506,1,2,Mismatch
143507,1,2,Mismatch
143508,-9,2,Mismatch
143509,3,2,Mismatch
143510,3,2,Mismatch
143511,3,2,Mismatch
143512,3,2,Mismatch
143513,3,2,Mismatch
143514,3,2,Mismatch
143515,3,2,Mismatch
143516,3,2,Mismatch
143517,3,2,Mismatch
143518,3,2,Mismatch
143519,3,2,Mismatch
143520,3,2,Mismatch
143521,3,2,Mismatch
143522,3,2,Mismatch
143523,3,2,Mismatch
143524,3,2,Mismatch
143525,3,2,Mismatch
143526,3,2,Mismatch
143527,3,2,Mismatch
143528,3,2,Mismatch
143529,3,2,Mismatch
143530,3,2,Mismatch
143531,3,2,Mismatch
143532,3,2,Mismatch
143533,3,2,Mismatch
143534,3,2,Mismatch
143535,3,2,Mismatch
143536,3,2,Mismatch
143537,3,2,Mismatch
143538,3,2,Mismatch
143539,3,2,Mismatch
143540,3,2,Mismatch
143541,3,2,Mismatch
143542,3,2,Mismatch
143543,3,2,Mismatch
143544,3,2,Mismatch
143545,3,2,Mismatch
143546,3,2,Mismatch
143547,3,2,Mismatch
143548,3,2,Mismatch
143549,3,2,Mismatch
143550,3,2,Mismatch
143551,3,2,Mismatch
143552,3,2,Mismatch
143553,3,2,Mismatch
143554,3,2,Mismatch
143555,3,2,Mismatch
143556,3,2,Mismatch
143557,3,2,Mismatch
143558,3,2,Mismatch
143559,3,2,Mismatch
143560,3,2,Mismatch
143561,3,2,Mismatch
143562,3,2,Mismatch
143563,3,2,Mismatch
143564,3,2,Mismatch
143565,3,2,Mismatch
143566,3,2,Mismatch
143567,3,2,Mismatch
143568,3,2,Mismatch
143569,3,2,Mismatch
143570,3,2,Mismatch
143571,3,2,Mismatch
143572,3,2,Mismatch
143573,3,2,Mismatch
143574,3,2,Mismatch
143575,3,2,Mismatch
143576,3,2,Mismatch
143577,3,2,Mismatch
143578,3,2,Mismatch
143579,3,2,Mismatch
143580,3,2,Mismatch
143581,3,2,Mismatch
143582,3,2,Mismatch
143583,3,2,Mismatch
143584,3,2,Mismatch
143585,3,2,Mismatch
143586,3,2,Mismatch
143587,3,2,Mismatch
143588,3,2,Mismatch
143589,3,2,Mismatch
143590,3,2,Mismatch
143591,3,2,Mismatch
143592,3,2,Mismatch
143593,3,2,Mismatch
143594,3,2,Mismatch
143595,3,2,Mismatch
143596,3,2,Mismatch
143597,3,2,Mismatch
143598,3,2,Mismatch
143599,3,2,Mismatch
143600,3,2,Mismatch
143601,3,2,Mismatch
143602,3,2,Mismatch
143603,3,2,Mismatch
143604,3,2,Mismatch
143605,3,2,Mismatch
143606,3,2,Mismatch
143607,3,2,Mismatch
143608,3,2,Mismatch
143609,3,2,Mismatch
143610,3,2,Mismatch
143611,3,2,Mismatch
143612,3,2,Mismatch
143613,3,2,Mismatch
143614,3,2,Mismatch
143615,3,2,Mismatch
143616,3,2,Mismatch
143617,3,2,Mismatch
143618,3,2,Mismatch
143619,3,2,Mismatch
143620,3,2,Mismatch
143621,3,2,Mismatch
143622,3,2,Mismatch
143623,3,2,Mismatch
143624,3,2,Mismatch
143625,3,2,Mismatch
143626,3,2,Mismatch
143627,3,2,Mismatch
143628,3,2,Mismatch
143629,3,2,Mismatch
143630,3,2,Mismatch
143631,3,2,Mismatch
143632,3,2,Mismatch
143633,3,2,Mismatch
143634,3,2,Mismatch
143635,3,2,Mismatch
143636,3,2,Mismatch
143637,3,2,Mismatch
143638,3,2,Mismatch
143639,3,2,Mismatch
143640,3,2,Mismatch
143641,3,2,Mismatch
143642,3,2,Mismatch
143643,3,0,Mismatch
143644,3,0,Mismatch
143645,3,0,Mismatch
143646,3,0,Mismatch
143647,3,0,Mismatch
143648,3,0,Mismatch
143649,3,0,Mismatch
143650,3,0,Mismatch
143651,3,0,Mismatch
143652,3,0,Mismatch
143653,3,0,Mismatch
143654,3,0,Mismatch
143655,3,0,Mismatch
143656,3,0,Mismatch
143657,3,0,Mismatch
143658,3,0,Mismatch
143659,3,0,Mismatch
143660,3,0,Mismatch
143661,3,0,Mismatch
143662,3,0,Mismatch
143663,3,0,Mismatch
143664,3,0,Mismatch
143665,3,0,Mismatch
143666,3,0,Mismatch
143667,3,0,Mismatch
143668,3,0,Mismatch
143669,3,0,Mismatch
143670,3,0,Mismatch
143671,3,0,Mismatch
143672,3,0,Mismatch
143673,3,0,Mismatch
143674,3,0,Mismatch
143675,3,0,Mismatch
143676,3,0,Mismatch
143677,3,0,Mismatch
143678,3,0,Mismatch
143679,3,0,Mismatch
143680,3,0,Mismatch
143681,3,0,Mismatch
143682,3,0,Mismatch
143683,3,0,Mismatch
143684,3,0,Mismatch
143685,3,0,Mismatch
143686,3,0,Mismatch
143687,3,0,Mismatch
143688,3,0,Mismatch
143689,3,0,Mismatch
143690,3,0,Mismatch
143691,3,0,Mismatch
143692,3,0,Mismatch
143693,3,0,Mismatch
143694,3,0,Mismatch
143695,3,0,Mismatch
143696,3,0,Mismatch
143697,3,0,Mismatch
143698,3,0,Mismatch
143699,3,0,Mismatch
143700,3,0,Mismatch
143701,3,0,Mismatch
143702,3,0,Mismatch
143703,3,0,Mismatch
143704,3,0,Mismatch
143705,3,0,Mismatch
143706,3,0,Mismatch
143707,3,0,Mismatch
143708,3,0,Mismatch
143709,3,0,Mismatch
143710,3,0,Mismatch
143711,3,0,Mismatch
143712,3,0,Mismatch
143713,3,0,Mismatch
143714,3,0,Mismatch
143715,3,0,Mismatch
143716,3,0,Mismatch
143717,3,0,Mismatch
143718,3,0,Mismatch
143719,3,0,Mismatch
143720,3,0,Mismatch
143721,3,0,Mismatch
143722,3,0,Mismatch
143723,3,0,Mismatch
143724,3,0,Mismatch
143725,2,0,Mismatch
143726,2,0,Mismatch
143727,2,0,Mismatch
143728,2,0,Mismatch
143729,2,0,Mismatch
143730,2,0,Mismatch
143731,2,0,Mismatch
143732,2,0,Mismatch
143733,2,0,Mismatch
143734,2,0,Mismatch
143735,2,0,Mismatch
143736,2,0,Mismatch
143737,2,0,Mismatch
143738,2,0,Mismatch
143739,2,0,Mismatch
143740,2,0,Mismatch
143741,2,0,Mismatch
143742,2,0,Mismatch
143743,2,0,Mismatch
143744,2,0,Mismatch
143745,2,0,Mismatch
143746,2,0,Mismatch
143747,2,0,Mismatch
143748,2,0,Mismatch
143749,2,0,Mismatch
143750,2,0,Mismatch
143751,2,0,Mismatch
143752,2,0,Mismatch
143753,2,0,Mismatch
143754,2,0,Mismatch
143755,2,0,Mismatch
143756,2,0,Mismatch
143757,2,0,Mismatch
143758,2,0,Mismatch
143759,2,0,Mismatch
143760,2,0,Mismatch
143761,2,0,Mismatch
143762,2,0,Mismatch
143763,2,0,Mismatch
143764,2,0,Mismatch
143765,2,0,Mismatch
143766,2,0,Mismatch
143767,2,0,Mismatch
143768,2,0,Mismatch
143769,2,0,Mismatch
143770,2,0,Mismatch
143771,2,0,Mismatch
143772,2,0,Mismatch
143773,2,0,Mismatch
143774,2,0,Mismatch
143775,2,0,Mismatch
143776,2,0,Mismatch
143777,2,0,Mismatch
143778,2,0,Mismatch
143779,2,0,Mismatch
143780,2,0,Mismatch
143781,2,0,Mismatch
143782,2,0,Mismatch
143783,2,0,Mismatch
143784,2,0,Mismatch
143785,2,0,Mismatch
143786,2,0,Mismatch
143787,2,0,Mismatch
143788,2,0,Mismatch
143789,2,0,Mismatch
143790,2,0,Mismatch
143791,2,0,Mismatch
143792,2,0,Mismatch
143793,2,0,Mismatch
143794,2,0,Mismatch
143795,2,0,Mismatch
143796,2,0,Mismatch
143797,2,0,Mismatch
143798,2,0,Mismatch
143799,2,0,Mismatch
143800,2,0,Mismatch
143801,2,0,Mismatch
143802,2,0,Mismatch
143803,2,0,Mismatch
143804,2,0,Mismatch
143805,2,0,Mismatch
143806,2,0,Mismatch
143807,2,0,Mismatch
143808,2,0,Mismatch
143809,2,0,Mismatch
143810,2,0,Mismatch
143811,2,0,Mismatch
143812,2,0,Mismatch
143813,2,0,Mismatch
143814,2,0,Mismatch
143815,2,0,Mismatch
143816,2,0,Mismatch
143817,2,0,Mismatch
143818,2,0,Mismatch
143819,2,0,Mismatch
143820,2,0,Mismatch
143821,2,0,Mismatch
143822,2,0,Mismatch
143823,2,0,Mismatch
143824,2,0,Mismatch
143825,2,0,Mismatch
143826,2,0,Mismatch
143827,2,0,Mismatch
143828,2,0,Mismatch
143829,2,0,Mismatch
143830,2,0,Mismatch
143831,2,0,Mismatch
143832,2,0,Mismatch
143833,2,0,Mismatch
143834,2,0,Mismatch
143835,2,0,Mismatch
143836,2,0,Mismatch
143837,2,0,Mismatch
143838,2,0,Mismatch
143839,2,0,Mismatch
143840,3,0,Mismatch
143841,3,0,Mismatch
143842,3,0,Mismatch
143843,3,0,Mismatch
143844,3,0,Mismatch
143845,3,0,Mismatch
143846,3,0,Mismatch
143847,3,0,Mismatch
143848,3,0,Mismatch
143849,3,0,Mismatch
143850,3,0,Mismatch
143851,3,0,Mismatch
143852,3,0,Mismatch
143853,3,0,Mismatch
143854,3,0,Mismatch
143855,3,0,Mismatch
143856,3,0,Mismatch
143857,3,0,Mismatch
143858,3,0,Mismatch
143859,3,0,Mismatch
143860,3,0,Mismatch
143861,3,0,Mismatch
143862,3,0,Mismatch
143863,3,0,Mismatch
143864,3,0,Mismatch
143865,-9,0,Missing Frame in File 1
143866,-9,0,Missing Frame in File 1
143867,-9,0,Missing Frame in File 1
143868,-9,0,Missing Frame in File 1
143869,-9,0,Missing Frame in File 1
143870,-9,0,Missing Frame in File 1
143871,-9,0,Missing Frame in File 1
143872,-9,0,Missing Frame in File 1
143873,-9,0,Missing Frame in File 1
143874,-9,0,Missing Frame in File 1
143875,-9,0,Missing Frame in File 1
143876,-9,0,Missing Frame in File 1
143877,-9,0,Missing Frame in File 1
143878,-9,0,Missing Frame in File 1
143879,-9,0,Missing Frame in File 1
143880,-9,0,Missing Frame in File 1
143881,-9,0,Missing Frame in File 1
143882,-9,0,Missing Frame in File 1
143883,-9,0,Missing Frame in File 1
143884,-9,0,Missing Frame in File 1
143885,-9,0,Missing Frame in File 1
143886,-9,0,Missing Frame in File 1
143887,-9,0,Missing Frame in File 1
143888,-9,0,Missing Frame in File 1
143889,-9,0,Missing Frame in File 1
143890,-9,0,Missing Frame in File 1
143891,-9,0,Missing Frame in File 1
143892,-9,0,Missing Frame in File 1
143893,-9,0,Missing Frame in File 1
143894,-9,0,Missing Frame in File 1
143895,-9,0,Missing Frame in File 1
143896,-9,0,Missing Frame in File 1
143897,-9,0,Missing Frame in File 1
143898,-9,0,Missing Frame in File 1
143899,-9,0,Missing Frame in File 1
143900,-9,0,Missing Frame in File 1
143901,-9,0,Missing Frame in File 1
143902,-9,0,Missing Frame in File 1
143903,-9,0,Missing Frame in File 1
143904,-9,0,Missing Frame in File 1
143905,-9,0,Missing Frame in File 1
143906,-9,0,Missing Frame in File 1
143907,-9,0,Missing Frame in File 1
143908,-9,0,Missing Frame in File 1
143909,-9,0,Missing Frame in File 1
143910,-9,0,Missing Frame in File 1
143911,-9,0,Missing Frame in File 1
143912,-9,0,Missing Frame in File 1
143913,-9,0,Missing Frame in File 1
143914,-9,0,Missing Frame in File 1
143915,-9,0,Missing Frame in File 1
143916,-9,0,Missing Frame in File 1
143917,-9,0,Missing Frame in File 1
143918,-9,0,Missing Frame in File 1
143919,-9,0,Missing Frame in File 1
143920,-9,0,Missing Frame in File 1
143921,-9,0,Missing Frame in File 1
143922,-9,0,Missing Frame in File 1
143923,-9,0,Missing Frame in File 1
143924,-9,0,Missing Frame in File 1
143925,-9,0,Missing Frame in File 1
143926,-9,0,Missing Frame in File 1
143927,-9,0,Missing Frame in File 1
143928,-9,0,Missing Frame in File 1
143929,-9,0,Missing Frame in File 1
143930,-9,0,Missing Frame in File 1
143931,-9,0,Missing Frame in File 1
143932,-9,0,Missing Frame in File 1
143933,-9,0,Missing Frame in File 1
143934,-9,0,Missing Frame in File 1
143935,-9,0,Missing Frame in File 1
143936,-9,0,Missing Frame in File 1
143937,-9,0,Missing Frame in File 1
143938,-9,0,Missing Frame in File 1
143939,-9,0,Missing Frame in File 1
143940,-9,0,Missing Frame in File 1
143941,-9,0,Missing Frame in File 1
143942,-9,0,Missing Frame in File 1
143943,-9,0,Missing Frame in File 1
143944,-9,0,Missing Frame in File 1
143945,-9,0,Missing Frame in File 1
143946,-9,0,Missing Frame in File 1
143947,-9,0,Missing Frame in File 1
143948,-9,0,Missing Frame in File 1
143949,-9,0,Missing Frame in File 1
143950,-9,0,Missing Frame in File 1
143951,-9,0,Missing Frame in File 1
143952,-9,0,Missing Frame in File 1
143953,-9,0,Missing Frame in File 1
143954,-9,0,Missing Frame in File 1
143955,-9,0,Missing Frame in File 1
143956,-9,0,Missing Frame in File 1
143957,-9,0,Missing Frame in File 1
143958,-9,0,Missing Frame in File 1
143959,-9,0,Missing Frame in File 1
143960,-9,0,Missing Frame in File 1
143961,-9,0,Missing Frame in File 1
143962,-9,0,Missing Frame in File 1
143963,-9,0,Missing Frame in File 1
143964,-9,0,Missing Frame in File 1
143965,-9,0,Missing Frame in File 1
143966,-9,0,Missing Frame in File 1
143967,-9,0,Missing Frame in File 1
143968,-9,0,Missing Frame in File 1
143969,-9,0,Missing Frame in File 1
143970,-9,0,Missing Frame in File 1
143971,-9,0,Missing Frame in File 1
143972,-9,0,Missing Frame in File 1
143973,-9,0,Missing Frame in File 1
143974,-9,0,Missing Frame in File 1
143975,-9,0,Missing Frame in File 1
143976,-9,0,Missing Frame in File 1
143977,-9,0,Missing Frame in File 1
143978,-9,0,Missing Frame in File 1
143979,-9,0,Missing Frame in File 1
143980,-9,0,Missing Frame in File 1
143981,-9,0,Missing Frame in File 1
143982,-9,0,Missing Frame in File 1
143983,-9,0,Missing Frame in File 1
143984,-9,0,Missing Frame in File 1
143985,-9,0,Missing Frame in File 1
143986,-9,0,Missing Frame in File 1
143987,-9,0,Missing Frame in File 1
143988,-9,0,Missing Frame in File 1
143989,-9,0,Missing Frame in File 1
144156,2,0,Mismatch
144157,2,0,Mismatch
144158,2,0,Mismatch
144159,2,0,Mismatch
144160,2,0,Mismatch
144161,2,0,Mismatch
144162,2,0,Mismatch
144163,2,0,Mismatch
144164,2,0,Mismatch
144165,2,0,Mismatch
144166,2,0,Mismatch
144167,2,0,Mismatch
144168,2,0,Mismatch
144169,2,0,Mismatch
144170,2,0,Mismatch
144171,2,0,Mismatch
144172,2,0,Mismatch
144173,2,0,Mismatch
144174,2,0,Mismatch
144175,2,0,Mismatch
144176,2,0,Mismatch
144177,2,0,Mismatch
144178,2,0,Mismatch
144179,2,0,Mismatch
144180,2,0,Mismatch
144181,2,0,Mismatch
144182,2,0,Mismatch
144183,2,0,Mismatch
144184,2,0,Mismatch
144185,2,0,Mismatch
144186,2,0,Mismatch
144187,2,0,Mismatch
144188,2,0,Mismatch
144189,2,0,Mismatch
146053,2,1,Mismatch
146054,2,1,Mismatch
146055,2,1,Mismatch
146056,2,1,Mismatch
146057,2,1,Mismatch
146058,2,1,Mismatch
146059,2,1,Mismatch
146060,2,1,Mismatch
146061,2,1,Mismatch
146062,2,1,Mismatch
146063,2,1,Mismatch
146064,2,1,Mismatch
146065,2,1,Mismatch
146066,2,1,Mismatch
146067,2,1,Mismatch
146068,2,1,Mismatch
146069,2,1,Mismatch
146070,2,1,Mismatch
146071,2,1,Mismatch
146072,2,1,Mismatch
146073,2,1,Mismatch
146074,2,1,Mismatch
146075,2,1,Mismatch
146076,2,1,Mismatch
146077,2,1,Mismatch
146078,2,1,Mismatch
146079,2,1,Mismatch
146080,2,1,Mismatch
146081,2,1,Mismatch
146082,2,1,Mismatch
146083,2,1,Mismatch
146084,2,1,Mismatch
146085,2,1,Mismatch
146086,2,1,Mismatch
146087,2,1,Mismatch
146088,2,1,Mismatch
146089,2,1,Mismatch
146090,2,1,Mismatch
146091,2,1,Mismatch
146092,2,1,Mismatch
146093,2,1,Mismatch
146094,2,1,Mismatch
146095,2,1,Mismatch
146096,2,1,Mismatch
146097,2,1,Mismatch
146098,2,1,Mismatch
146099,2,1,Mismatch
146100,2,1,Mismatch
146101,2,1,Mismatch
146102,2,1,Mismatch
146103,2,1,Mismatch
146104,2,1,Mismatch
146105,2,1,Mismatch
146106,2,1,Mismatch
146107,2,1,Mismatch
146108,2,1,Mismatch
146109,2,1,Mismatch
146110,2,1,Mismatch
146111,3,1,Mismatch
146112,3,1,Mismatch
146113,3,1,Mismatch
146114,3,1,Mismatch
146115,3,1,Mismatch
146116,3,1,Mismatch
146117,3,1,Mismatch
146118,3,1,Mismatch
146119,3,1,Mismatch
146120,3,1,Mismatch
146121,3,1,Mismatch
146122,3,1,Mismatch
146123,3,1,Mismatch
146124,3,1,Mismatch
146125,3,1,Mismatch
146126,3,1,Mismatch
146127,3,1,Mismatch
146128,3,1,Mismatch
146129,3,1,Mismatch
146130,3,1,Mismatch
146131,3,1,Mismatch
146132,3,1,Mismatch
146133,3,1,Mismatch
146134,3,1,Mismatch
146135,3,1,Mismatch
146136,3,1,Mismatch
146137,3,1,Mismatch
146138,3,1,Mismatch
146139,3,1,Mismatch
146140,3,1,Mismatch
146141,3,1,Mismatch
146142,3,1,Mismatch
146143,3,1,Mismatch
146144,3,1,Mismatch
146145,3,1,Mismatch
146146,3,1,Mismatch
146147,3,1,Mismatch
146148,3,1,Mismatch
146149,3,1,Mismatch
146150,3,1,Mismatch
146151,3,1,Mismatch
146152,3,1,Mismatch
146153,3,1,Mismatch
146154,3,1,Mismatch
146155,3,1,Mismatch
146156,3,1,Mismatch
146157,3,1,Mismatch
146158,3,1,Mismatch
146159,3,1,Mismatch
146160,3,1,Mismatch
146161,3,1,Mismatch
146162,3,1,Mismatch
146163,3,1,Mismatch
146164,3,1,Mismatch
146165,3,1,Mismatch
146166,3,1,Mismatch
146167,0,1,Mismatch
146168,0,1,Mismatch
146169,0,1,Mismatch
146170,0,1,Mismatch
146171,0,1,Mismatch
146172,0,1,Mismatch
146173,0,1,Mismatch
146174,0,1,Mismatch
146175,0,1,Mismatch
146176,0,1,Mismatch
146177,0,1,Mismatch
146178,0,1,Mismatch
146179,0,1,Mismatch
146180,0,1,Mismatch
146181,0,1,Mismatch
146182,0,1,Mismatch
146183,0,1,Mismatch
146184,0,1,Mismatch
146185,0,1,Mismatch
146186,0,1,Mismatch
146187,0,1,Mismatch
146188,0,1,Mismatch
146189,0,1,Mismatch
146190,0,1,Mismatch
146191,0,1,Mismatch
146192,0,1,Mismatch
146193,0,1,Mismatch
146194,0,1,Mismatch
146195,0,1,Mismatch
146196,0,1,Mismatch
146197,0,1,Mismatch
146198,0,1,Mismatch
146199,0,1,Mismatch
146200,0,1,Mismatch
146201,0,1,Mismatch
146202,0,1,Mismatch
146203,0,1,Mismatch
146204,0,1,Mismatch
146205,0,1,Mismatch
146206,0,1,Mismatch
146207,0,1,Mismatch
146208,0,1,Mismatch
146209,0,1,Mismatch
146210,0,1,Mismatch
146211,0,1,Mismatch
146212,0,1,Mismatch
146213,0,1,Mismatch
146214,0,1,Mismatch
146215,0,1,Mismatch
146216,0,1,Mismatch
146217,0,1,Mismatch
146218,0,1,Mismatch
146219,0,1,Mismatch
146220,0,1,Mismatch
146221,0,1,Mismatch
146222,0,1,Mismatch
146223,0,1,Mismatch
146224,0,1,Mismatch
146225,0,1,Mismatch
146226,0,1,Mismatch
146227,0,1,Mismatch
146228,0,1,Mismatch
146229,0,1,Mismatch
146230,0,1,Mismatch
146231,0,1,Mismatch
146232,0,1,Mismatch
146233,0,1,Mismatch
146234,0,1,Mismatch
146235,0,1,Mismatch
146236,0,1,Mismatch
146237,0,1,Mismatch
146238,0,1,Mismatch
146239,0,1,Mismatch
146240,0,1,Mismatch
146241,0,1,Mismatch
146242,0,1,Mismatch
146243,0,1,Mismatch
146244,0,1,Mismatch
146245,0,1,Mismatch
146246,0,1,Mismatch
146247,0,1,Mismatch
146248,0,1,Mismatch
146249,0,1,Mismatch
146250,0,1,Mismatch
146251,0,1,Mismatch
146252,0,1,Mismatch
146253,0,1,Mismatch
146254,0,1,Mismatch
146255,0,1,Mismatch
146256,0,1,Mismatch
146257,0,1,Mismatch
146258,0,1,Mismatch
146259,0,1,Mismatch
146260,0,1,Mismatch
146261,0,1,Mismatch
146262,2,1,Mismatch
146263,2,1,Mismatch
146264,2,1,Mismatch
146265,2,1,Mismatch
146266,2,1,Mismatch
146267,2,1,Mismatch
146268,2,1,Mismatch
146269,2,1,Mismatch
146270,2,1,Mismatch
146271,2,1,Mismatch
146272,2,1,Mismatch
146273,2,1,Mismatch
146274,2,1,Mismatch
146275,2,1,Mismatch
146276,2,1,Mismatch
146277,2,1,Mismatch
146278,2,1,Mismatch
146279,2,1,Mismatch
146280,2,1,Mismatch
146281,2,1,Mismatch
146282,2,1,Mismatch
146283,2,1,Mismatch
146284,2,1,Mismatch
146285,2,1,Mismatch
146286,2,1,Mismatch
146287,2,1,Mismatch
146288,2,1,Mismatch
146289,2,1,Mismatch
146290,2,1,Mismatch
146291,2,1,Mismatch
146292,2,1,Mismatch
146293,2,1,Mismatch
146294,2,1,Mismatch
146295,2,1,Mismatch
146296,2,1,Mismatch
146297,2,1,Mismatch
146298,2,1,Mismatch
146299,2,1,Mismatch
146300,2,1,Mismatch
146301,2,1,Mismatch
146302,2,1,Mismatch
146303,2,1,Mismatch
146304,2,1,Mismatch
146305,2,1,Mismatch
146306,2,1,Mismatch
146307,2,1,Mismatch
146308,2,1,Mismatch
146309,2,1,Mismatch
146310,2,1,Mismatch
146311,2,1,Mismatch
146312,2,1,Mismatch
146313,2,1,Mismatch
146314,2,1,Mismatch
146315,2,1,Mismatch
146316,2,1,Mismatch
146317,2,1,Mismatch
146318,2,1,Mismatch
146319,2,1,Mismatch
146320,2,1,Mismatch
146321,2,1,Mismatch
146322,2,1,Mismatch
146323,2,1,Mismatch
146324,2,1,Mismatch
146325,2,1,Mismatch
146326,2,1,Mismatch
146327,2,1,Mismatch
146328,2,1,Mismatch
146329,2,1,Mismatch
146330,2,1,Mismatch
146331,2,1,Mismatch
146332,2,1,Mismatch
146333,2,1,Mismatch
146334,2,1,Mismatch
146335,2,1,Mismatch
146336,2,1,Mismatch
146337,2,1,Mismatch
146338,2,1,Mismatch
146339,2,1,Mismatch
146340,2,1,Mismatch
146341,2,1,Mismatch
146342,2,1,Mismatch
146343,2,1,Mismatch
146344,2,1,Mismatch
146345,2,1,Mismatch
146346,2,1,Mismatch
146347,2,1,Mismatch
146348,2,1,Mismatch
146349,2,1,Mismatch
146350,2,1,Mismatch
146351,2,1,Mismatch
146352,2,1,Mismatch
146353,2,1,Mismatch
146354,2,1,Mismatch
146355,2,1,Mismatch
146356,2,1,Mismatch
146357,2,1,Mismatch
146358,2,1,Mismatch
146359,2,1,Mismatch
146360,2,1,Mismatch
146361,2,1,Mismatch
146362,0,1,Mismatch
146363,0,1,Mismatch
146364,0,1,Mismatch
146365,0,1,Mismatch
146366,0,1,Mismatch
146367,0,1,Mismatch
146368,0,1,Mismatch
146369,0,1,Mismatch
146370,0,1,Mismatch
146371,0,1,Mismatch
146372,0,1,Mismatch
146373,0,1,Mismatch
146374,0,1,Mismatch
146375,0,1,Mismatch
146376,0,1,Mismatch
146377,0,1,Mismatch
146378,0,1,Mismatch
146379,0,1,Mismatch
146380,0,1,Mismatch
146381,0,1,Mismatch
146382,0,1,Mismatch
146383,0,1,Mismatch
146384,0,1,Mismatch
146385,0,1,Mismatch
146386,0,1,Mismatch
146387,0,1,Mismatch
146388,0,1,Mismatch
146389,0,1,Mismatch
146390,0,1,Mismatch
146391,0,1,Mismatch
146392,0,1,Mismatch
146393,0,1,Mismatch
146394,0,1,Mismatch
146395,0,1,Mismatch
146396,0,1,Mismatch
146397,0,1,Mismatch
146398,0,1,Mismatch
146399,0,1,Mismatch
146400,0,1,Mismatch
146401,0,1,Mismatch
146402,0,1,Mismatch
146403,0,1,Mismatch
146404,0,1,Mismatch
146405,0,1,Mismatch
146406,0,1,Mismatch
146407,0,1,Mismatch
146408,0,1,Mismatch
146409,0,1,Mismatch
146410,0,1,Mismatch
146411,0,1,Mismatch
146412,0,1,Mismatch
146413,0,1,Mismatch
146414,0,1,Mismatch
146415,0,1,Mismatch
146416,0,1,Mismatch
146417,0,1,Mismatch
146418,0,1,Mismatch
146419,0,1,Mismatch
146420,0,1,Mismatch
146421,0,1,Mismatch
146422,0,1,Mismatch
146423,0,1,Mismatch
146424,0,1,Mismatch
146425,0,1,Mismatch
146426,0,1,Mismatch
146427,0,1,Mismatch
146428,0,1,Mismatch
146429,0,1,Mismatch
146430,0,1,Mismatch
146431,0,1,Mismatch
146432,0,1,Mismatch
146433,0,1,Mismatch
146434,0,1,Mismatch
146435,0,1,Mismatch
146436,0,1,Mismatch
146437,0,1,Mismatch
146438,0,1,Mismatch
146439,0,1,Mismatch
146440,0,1,Mismatch
146441,0,1,Mismatch
146442,0,1,Mismatch
146443,0,1,Mismatch
146444,0,1,Mismatch
146445,0,1,Mismatch
146446,0,1,Mismatch
146447,0,1,Mismatch
146448,0,1,Mismatch
146449,0,1,Mismatch
146450,0,1,Mismatch
146451,0,1,Mismatch
146452,0,1,Mismatch
146453,0,1,Mismatch
146454,0,1,Mismatch
146455,0,1,Mismatch
146456,2,1,Mismatch
146457,2,1,Mismatch
146458,2,1,Mismatch
146459,2,1,Mismatch
146460,2,1,Mismatch
146461,2,1,Mismatch
146462,2,1,Mismatch
146463,2,1,Mismatch
146464,2,1,Mismatch
146465,2,1,Mismatch
146466,2,1,Mismatch
146467,2,1,Mismatch
146468,2,1,Mismatch
146469,2,1,Mismatch
146470,2,1,Mismatch
146471,2,1,Mismatch
146472,2,1,Mismatch
146473,2,1,Mismatch
146474,2,1,Mismatch
146475,2,1,Mismatch
146476,2,1,Mismatch
146477,2,1,Mismatch
146478,2,1,Mismatch
146479,2,1,Mismatch
146480,2,1,Mismatch
146481,2,1,Mismatch
146482,2,1,Mismatch
146483,2,1,Mismatch
146484,0,1,Mismatch
146485,0,1,Mismatch
146486,0,1,Mismatch
146487,0,1,Mismatch
146488,0,1,Mismatch
146489,0,1,Mismatch
146490,0,1,Mismatch
146491,0,1,Mismatch
146492,0,1,Mismatch
146493,0,1,Mismatch
146494,0,1,Mismatch
146495,0,1,Mismatch
146496,0,1,Mismatch
146497,0,1,Mismatch
146498,0,1,Mismatch
146499,0,1,Mismatch
146500,0,1,Mismatch
146501,0,1,Mismatch
146502,0,1,Mismatch
146503,0,1,Mismatch
146504,0,1,Mismatch
146505,0,1,Mismatch
146506,0,1,Mismatch
146507,0,1,Mismatch
146508,0,1,Mismatch
146509,0,1,Mismatch
146510,0,1,Mismatch
146511,0,1,Mismatch
146512,0,1,Mismatch
146513,0,1,Mismatch
146514,0,1,Mismatch
146515,0,1,Mismatch
146516,0,1,Mismatch
146517,0,1,Mismatch
146518,0,1,Mismatch
146519,0,1,Mismatch
146520,0,1,Mismatch
146521,0,1,Mismatch
146522,0,1,Mismatch
146523,0,1,Mismatch
146524,0,1,Mismatch
146525,0,1,Mismatch
146526,0,1,Mismatch
146527,0,1,Mismatch
146528,0,1,Mismatch
146529,0,1,Mismatch
146530,0,1,Mismatch
146531,0,1,Mismatch
146532,0,1,Mismatch
146533,0,1,Mismatch
146534,0,1,Mismatch
146535,0,1,Mismatch
146536,0,1,Mismatch
146537,0,1,Mismatch
146538,0,1,Mismatch
146539,0,1,Mismatch
146540,-9,1,Mismatch
146541,-9,1,Missing Frame in File 1
146542,-9,1,Missing Frame in File 1
146543,-9,1,Missing Frame in File 1
146544,-9,1,Missing Frame in File 1
146545,-9,1,Missing Frame in File 1
146546,-9,1,Missing Frame in File 1
146547,-9,1,Missing Frame in File 1
146548,-9,1,Missing Frame in File 1
146549,-9,1,Missing Frame in File 1
146550,-9,1,Missing Frame in File 1
146551,-9,1,Missing Frame in File 1
146552,-9,1,Missing Frame in File 1
146553,-9,1,Missing Frame in File 1
146554,-9,1,Missing Frame in File 1
146555,-9,1,Missing Frame in File 1
146556,-9,1,Missing Frame in File 1
146557,-9,1,Missing Frame in File 1
146558,-9,1,Missing Frame in File 1
146559,-9,1,Missing Frame in File 1
146560,-9,1,Missing Frame in File 1
146561,-9,1,Missing Frame in File 1
146562,-9,1,Missing Frame in File 1
146563,-9,1,Missing Frame in File 1
146564,-9,1,Missing Frame in File 1
146565,-9,1,Missing Frame in File 1
146566,-9,1,Missing Frame in File 1
146567,-9,1,Missing Frame in File 1
146568,-9,1,Missing Frame in File 1
146569,-9,1,Missing Frame in File 1
146570,-9,1,Missing Frame in File 1
146571,-9,1,Missing Frame in File 1
146572,-9,1,Missing Frame in File 1
146573,-9,1,Missing Frame in File 1
146574,-9,1,Missing Frame in File 1
146575,-9,1,Missing Frame in File 1
146576,-9,1,Missing Frame in File 1
146577,-9,1,Missing Frame in File 1
146578,-9,1,Missing Frame in File 1
146579,-9,1,Missing Frame in File 1
146580,-9,1,Missing Frame in File 1
146581,-9,1,Missing Frame in File 1
146582,-9,1,Missing Frame in File 1
146583,-9,1,Missing Frame in File 1
146584,-9,1,Missing Frame in File 1
146585,-9,1,Missing Frame in File 1
146586,-9,1,Missing Frame in File 1
146587,-9,1,Missing Frame in File 1
146588,-9,1,Missing Frame in File 1
146589,-9,1,Missing Frame in File 1
146590,-9,1,Missing Frame in File 1
146591,-9,1,Missing Frame in File 1
146592,-9,1,Missing Frame in File 1
146593,-9,1,Missing Frame in File 1
146594,-9,1,Missing Frame in File 1
146595,-9,1,Missing Frame in File 1
146596,-9,1,Missing Frame in File 1
146597,-9,1,Missing Frame in File 1
146598,-9,1,Missing Frame in File 1
146599,-9,1,Missing Frame in File 1
146600,-9,1,Missing Frame in File 1
146601,-9,1,Missing Frame in File 1
146602,-9,1,Missing Frame in File 1
146603,-9,1,Missing Frame in File 1
146604,-9,1,Missing Frame in File 1
146605,-9,1,Missing Frame in File 1
146606,-9,1,Missing Frame in File 1
146607,-9,1,Missing Frame in File 1
146608,-9,1,Missing Frame in File 1
146609,-9,1,Missing Frame in File 1
146610,-9,1,Missing Frame in File 1
146611,-9,1,Missing Frame in File 1
146612,-9,1,Missing Frame in File 1
146613,-9,1,Missing Frame in File 1
146614,-9,1,Missing Frame in File 1
146615,-9,1,Missing Frame in File 1
146616,-9,1,Missing Frame in File 1
146617,-9,1,Missing Frame in File 1
146618,-9,1,Missing Frame in File 1
146619,-9,1,Missing Frame in File 1
146620,-9,1,Missing Frame in File 1
146621,-9,1,Missing Frame in File 1
146622,-9,1,Missing Frame in File 1
146623,-9,1,Missing Frame in File 1
146624,-9,1,Missing Frame in File 1
146625,-9,1,Missing Frame in File 1
146626,-9,1,Missing Frame in File 1
146627,-9,1,Missing Frame in File 1
146628,-9,1,Missing Frame in File 1
146629,-9,1,Missing Frame in File 1
146630,-9,1,Missing Frame in File 1
146631,-9,1,Missing Frame in File 1
146632,-9,1,Missing Frame in File 1
146633,-9,1,Missing Frame in File 1
146634,-9,1,Missing Frame in File 1
146635,-9,1,Missing Frame in File 1
146636,-9,1,Missing Frame in File 1
146637,-9,1,Missing Frame in File 1
146638,-9,1,Missing Frame in File 1
146639,-9,1,Missing Frame in File 1
146640,-9,1,Missing Frame in File 1
146641,-9,1,Missing Frame in File 1
146642,-9,1,Missing Frame in File 1
146643,-9,1,Missing Frame in File 1
146644,-9,1,Missing Frame in File 1
146645,-9,1,Missing Frame in File 1
146646,-9,1,Missing Frame in File 1
146647,-9,1,Missing Frame in File 1
146648,-9,1,Missing Frame in File 1
146649,-9,1,Missing Frame in File 1
146650,-9,1,Missing Frame in File 1
146651,-9,1,Missing Frame in File 1
146652,-9,1,Missing Frame in File 1
146653,-9,1,Missing Frame in File 1
146654,-9,1,Missing Frame in File 1
146655,-9,1,Missing Frame in File 1
146656,-9,1,Missing Frame in File 1
146657,-9,1,Missing Frame in File 1
146658,-9,1,Missing Frame in File 1
146659,-9,1,Missing Frame in File 1
146660,-9,1,Missing Frame in File 1
146661,-9,1,Missing Frame in File 1
146662,-9,1,Missing Frame in File 1
146663,-9,1,Missing Frame in File 1
146664,-9,1,Missing Frame in File 1
146665,-9,1,Missing Frame in File 1
146666,-9,1,Missing Frame in File 1
146667,-9,1,Missing Frame in File 1
146668,-9,1,Missing Frame in File 1
146669,-9,1,Missing Frame in File 1
146670,-9,1,Missing Frame in File 1
146671,-9,1,Missing Frame in File 1
146672,-9,1,Missing Frame in File 1
146673,-9,1,Missing Frame in File 1
146674,-9,1,Missing Frame in File 1
146675,-9,1,Missing Frame in File 1
146676,-9,1,Missing Frame in File 1
146677,-9,1,Missing Frame in File 1
146678,-9,1,Missing Frame in File 1
146679,-9,1,Missing Frame in File 1
146680,-9,1,Missing Frame in File 1
146681,-9,1,Missing Frame in File 1
146682,-9,1,Missing Frame in File 1
146683,-9,1,Missing Frame in File 1
146684,-9,1,Missing Frame in File 1
146685,-9,1,Missing Frame in File 1
146686,-9,1,Missing Frame in File 1
146687,-9,1,Missing Frame in File 1
146688,-9,1,Missing Frame in File 1
146689,-9,1,Missing Frame in File 1
146690,-9,1,Missing Frame in File 1
146691,-9,1,Missing Frame in File 1
146692,-9,1,Missing Frame in File 1
146693,-9,1,Missing Frame in File 1
146694,-9,1,Missing Frame in File 1
146695,-9,1,Missing Frame in File 1
146696,-9,1,Missing Frame in File 1
146697,-9,1,Missing Frame in File 1
146698,-9,1,Missing Frame in File 1
146699,-9,1,Missing Frame in File 1
146700,-9,1,Missing Frame in File 1
146701,-9,1,Missing Frame in File 1
146702,-9,1,Missing Frame in File 1
146703,-9,1,Missing Frame in File 1
146704,-9,1,Missing Frame in File 1
146705,-9,1,Missing Frame in File 1
146706,-9,1,Missing Frame in File 1
146707,-9,1,Missing Frame in File 1
146708,-9,-9,Missing Frame in File 1
146709,-9,0,Missing Frame in File 1
146710,-9,0,Missing Frame in File 1
146711,-9,0,Missing Frame in File 1
146712,-9,0,Missing Frame in File 1
146713,-9,0,Missing Frame in File 1
146714,-9,0,Missing Frame in File 1
146715,-9,0,Missing Frame in File 1
146716,-9,0,Missing Frame in File 1
146717,-9,0,Missing Frame in File 1
146718,-9,0,Missing Frame in File 1
146719,-9,0,Missing Frame in File 1
146720,-9,0,Missing Frame in File 1
146721,-9,0,Missing Frame in File 1
146722,-9,0,Missing Frame in File 1
146723,-9,0,Missing Frame in File 1
146724,-9,0,Missing Frame in File 1
146725,-9,0,Missing Frame in File 1
146726,-9,0,Missing Frame in File 1
146727,-9,0,Missing Frame in File 1
146728,-9,0,Missing Frame in File 1
146729,-9,0,Missing Frame in File 1
146730,-9,0,Missing Frame in File 1
146731,-9,0,Missing Frame in File 1
146732,-9,0,Missing Frame in File 1
146733,-9,0,Missing Frame in File 1
146734,-9,0,Missing Frame in File 1
146735,-9,0,Missing Frame in File 1
146736,-9,0,Missing Frame in File 1
146737,1,0,Mismatch
146738,1,0,Mismatch
146739,1,0,Mismatch
146740,1,0,Mismatch
146741,1,0,Mismatch
146742,1,0,Mismatch
146743,1,0,Mismatch
146744,1,0,Mismatch
146745,1,0,Mismatch
146746,1,0,Mismatch
146747,1,0,Mismatch
146748,1,0,Mismatch
146749,1,0,Mismatch
146750,1,0,Mismatch
146751,1,0,Mismatch
146752,1,0,Mismatch
146753,1,0,Mismatch
146754,1,0,Mismatch
146755,1,0,Mismatch
146756,1,0,Mismatch
146757,1,0,Mismatch
146758,1,0,Mismatch
146759,1,0,Mismatch
146760,1,0,Mismatch
146761,1,0,Mismatch
146762,1,0,Mismatch
146763,1,0,Mismatch
146764,1,0,Mismatch
146765,1,0,Mismatch
146766,1,0,Mismatch
146767,1,0,Mismatch
146768,1,0,Mismatch
146769,1,0,Mismatch
146770,1,0,Mismatch
146771,1,0,Mismatch
146772,1,0,Mismatch
146773,1,0,Mismatch
146774,1,0,Mismatch
146775,1,0,Mismatch
146776,1,0,Mismatch
146777,1,0,Mismatch
146778,1,0,Mismatch
146779,1,0,Mismatch
146780,1,0,Mismatch
146781,1,0,Mismatch
146782,1,0,Mismatch
146783,1,0,Mismatch
146784,1,0,Mismatch
146785,1,0,Mismatch
146786,1,0,Mismatch
146787,1,0,Mismatch
146788,1,0,Mismatch
146789,1,0,Mismatch
146790,1,0,Mismatch
146791,1,0,Mismatch
146792,1,0,Mismatch
146793,1,0,Mismatch
146794,1,0,Mismatch
146907,2,0,Mismatch
146908,2,0,Mismatch
146909,2,0,Mismatch
146910,2,0,Mismatch
146911,2,0,Mismatch
146912,2,0,Mismatch
146913,2,0,Mismatch
146914,2,0,Mismatch
146915,2,0,Mismatch
146916,2,0,Mismatch
146917,2,0,Mismatch
146918,2,0,Mismatch
146919,2,0,Mismatch
146920,2,0,Mismatch
146921,2,0,Mismatch
146922,2,0,Mismatch
146923,2,0,Mismatch
146924,2,0,Mismatch
146925,2,0,Mismatch
146926,2,0,Mismatch
146927,2,0,Mismatch
146928,2,0,Mismatch
146929,2,0,Mismatch
146930,2,0,Mismatch
146945,3,2,Mismatch
146946,3,2,Mismatch
146947,3,2,Mismatch
146948,3,2,Mismatch
146949,3,2,Mismatch
146950,3,2,Mismatch
146951,3,2,Mismatch
146952,3,2,Mismatch
146953,3,2,Mismatch
146954,3,2,Mismatch
146955,3,2,Mismatch
146956,3,2,Mismatch
146957,3,2,Mismatch
146958,3,2,Mismatch
146959,3,2,Mismatch
146960,3,2,Mismatch
146961,3,2,Mismatch
146962,3,2,Mismatch
146963,3,2,Mismatch
146964,3,2,Mismatch
146965,3,2,Mismatch
146966,3,2,Mismatch
146967,3,2,Mismatch
146968,3,2,Mismatch
146969,3,2,Mismatch
146970,3,2,Mismatch
146971,3,2,Mismatch
146972,3,2,Mismatch
146973,3,2,Mismatch
146974,3,2,Mismatch
146975,3,2,Mismatch
146976,3,2,Mismatch
146977,3,2,Mismatch
146978,3,2,Mismatch
146979,3,2,Mismatch
146980,3,2,Mismatch
146981,3,2,Mismatch
146982,3,2,Mismatch
146983,3,2,Mismatch
146984,3,2,Mismatch
146985,3,2,Mismatch
146986,3,2,Mismatch
146987,3,2,Mismatch
146988,3,2,Mismatch
146989,3,2,Mismatch
146990,3,2,Mismatch
146991,3,2,Mismatch
146992,3,2,Mismatch
146993,3,2,Mismatch
146994,3,2,Mismatch
146995,3,2,Mismatch
146996,3,2,Mismatch
146997,3,2,Mismatch
146998,3,2,Mismatch
146999,3,2,Mismatch
147000,3,2,Mismatch
147001,3,2,Mismatch
147002,3,2,Mismatch
147003,3,2,Mismatch
147004,3,2,Mismatch
147005,3,2,Mismatch
147006,3,2,Mismatch
147007,3,2,Mismatch
147008,3,2,Mismatch
147009,3,2,Mismatch
147010,3,2,Mismatch
147011,3,2,Mismatch
147012,3,2,Mismatch
147013,3,2,Mismatch
147014,3,2,Mismatch
147015,3,2,Mismatch
147016,3,2,Mismatch
147017,3,2,Mismatch
147018,3,2,Mismatch
147019,3,2,Mismatch
147020,3,2,Mismatch
147021,3,2,Mismatch
147022,3,2,Mismatch
147023,3,2,Mismatch
147024,3,2,Mismatch
147025,3,2,Mismatch
147026,3,2,Mismatch
147027,3,2,Mismatch
147028,3,2,Mismatch
147029,3,2,Mismatch
147030,3,2,Mismatch
147031,3,2,Mismatch
147032,3,2,Mismatch
147033,1,2,Mismatch
147034,1,2,Mismatch
147035,1,2,Mismatch
147036,1,2,Mismatch
147037,1,2,Mismatch
147038,1,2,Mismatch
147039,1,2,Mismatch
147040,1,2,Mismatch
147041,1,2,Mismatch
147042,1,2,Mismatch
147043,1,2,Mismatch
147044,1,2,Mismatch
147045,1,2,Mismatch
147046,1,2,Mismatch
147047,1,2,Mismatch
147048,1,2,Mismatch
147049,1,2,Mismatch
147050,1,2,Mismatch
147051,1,2,Mismatch
147052,1,2,Mismatch
147053,1,2,Mismatch
147054,1,2,Mismatch
147055,1,2,Mismatch
147056,1,2,Mismatch
147057,1,2,Mismatch
147058,1,2,Mismatch
147059,1,2,Mismatch
147060,1,2,Mismatch
147061,1,2,Mismatch
147062,1,2,Mismatch
147063,1,2,Mismatch
147064,1,2,Mismatch
147065,1,2,Mismatch
147066,1,2,Mismatch
147067,1,2,Mismatch
147068,1,2,Mismatch
147069,1,2,Mismatch
147070,1,2,Mismatch
147071,1,2,Mismatch
147072,1,2,Mismatch
147073,1,2,Mismatch
147074,1,2,Mismatch
147075,1,2,Mismatch
147076,1,2,Mismatch
147077,1,2,Mismatch
147078,1,2,Mismatch
147079,1,2,Mismatch
147080,1,2,Mismatch
147081,1,2,Mismatch
147082,1,2,Mismatch
147083,1,2,Mismatch
147084,1,2,Mismatch
147085,1,2,Mismatch
147086,1,2,Mismatch
147087,1,2,Mismatch
147088,1,2,Mismatch
147089,1,2,Mismatch
147090,1,2,Mismatch
147091,1,2,Mismatch
147092,1,2,Mismatch
147093,1,2,Mismatch
147094,1,2,Mismatch
147095,1,2,Mismatch
147096,1,2,Mismatch
147097,1,2,Mismatch
147098,1,2,Mismatch
147099,0,2,Mismatch
147100,0,2,Mismatch
147101,0,2,Mismatch
147102,0,2,Mismatch
147103,0,2,Mismatch
147104,0,2,Mismatch
147105,0,2,Mismatch
147106,0,2,Mismatch
147107,0,2,Mismatch
147108,0,2,Mismatch
147109,0,2,Mismatch
147110,0,2,Mismatch
147111,0,2,Mismatch
147112,0,2,Mismatch
147113,0,2,Mismatch
147114,0,2,Mismatch
147115,0,2,Mismatch
147116,0,2,Mismatch
147117,0,2,Mismatch
147118,0,2,Mismatch
147119,0,2,Mismatch
147120,0,2,Mismatch
147121,0,2,Mismatch
147122,0,2,Mismatch
147123,0,2,Mismatch
147124,0,2,Mismatch
147125,0,2,Mismatch
147126,0,2,Mismatch
147127,0,2,Mismatch
147128,0,2,Mismatch
147129,0,2,Mismatch
147130,0,2,Mismatch
147131,1,2,Mismatch
147132,1,2,Mismatch
147133,1,2,Mismatch
147134,1,2,Mismatch
147135,1,2,Mismatch
147136,1,2,Mismatch
147137,1,2,Mismatch
147138,1,2,Mismatch
147139,1,2,Mismatch
147140,1,2,Mismatch
147141,1,2,Mismatch
147142,1,2,Mismatch
147143,1,2,Mismatch
147144,1,2,Mismatch
147145,1,2,Mismatch
147146,1,2,Mismatch
147147,1,2,Mismatch
147148,1,2,Mismatch
147149,1,2,Mismatch
147150,1,2,Mismatch
147151,1,2,Mismatch
147152,1,2,Mismatch
147153,1,2,Mismatch
147154,1,2,Mismatch
147155,1,2,Mismatch
147156,1,2,Mismatch
147157,1,2,Mismatch
147158,1,2,Mismatch
147159,1,2,Mismatch
147160,1,2,Mismatch
147161,1,2,Mismatch
147162,1,2,Mismatch
147163,1,2,Mismatch
147164,1,2,Mismatch
147165,1,2,Mismatch
147166,1,2,Mismatch
147167,1,2,Mismatch
147168,1,2,Mismatch
147169,1,2,Mismatch
147170,1,2,Mismatch
147171,1,2,Mismatch
147172,1,2,Mismatch
147173,1,2,Mismatch
147174,1,2,Mismatch
147175,1,2,Mismatch
147176,1,2,Mismatch
147177,1,2,Mismatch
147178,1,2,Mismatch
147179,1,2,Mismatch
147180,1,2,Mismatch
147181,1,2,Mismatch
147182,1,2,Mismatch
147183,1,2,Mismatch
147184,1,2,Mismatch
147185,1,2,Mismatch
147186,1,2,Mismatch
147187,1,2,Mismatch
147188,1,2,Mismatch
147189,1,2,Mismatch
147306,2,-9,Mismatch
147307,2,-9,Mismatch
147308,2,-9,Mismatch
147309,2,-9,Mismatch
147310,2,-9,Mismatch
147311,2,-9,Mismatch
147312,2,-9,Mismatch
147313,2,-9,Mismatch
147314,2,-9,Mismatch
147315,2,-9,Mismatch
147316,2,-9,Mismatch
147317,2,-9,Mismatch
147318,2,-9,Mismatch
147319,2,-9,Mismatch
147320,2,-9,Mismatch
147321,2,-9,Mismatch
147322,2,-9,Mismatch
147323,2,-9,Mismatch
147324,2,-9,Mismatch
147325,2,-9,Mismatch
147326,2,-9,Mismatch
147327,2,-9,Mismatch
147328,2,-9,Mismatch
147329,2,-9,Mismatch
147330,2,-9,Mismatch
147331,2,-9,Mismatch
147332,2,-9,Mismatch
147333,2,-9,Mismatch
147334,2,-9,Mismatch
147335,2,-9,Missing Frame in File 2
148822,1,-9,Mismatch
148823,1,-9,Mismatch
148824,1,-9,Mismatch
148825,1,-9,Mismatch
148826,1,-9,Mismatch
148827,1,-9,Mismatch
148828,1,-9,Mismatch
148829,1,-9,Mismatch
148830,1,-9,Mismatch
148831,1,-9,Mismatch
148832,1,-9,Mismatch
148833,1,-9,Mismatch
148834,1,-9,Mismatch
148835,1,-9,Mismatch
148836,1,-9,Mismatch
148837,1,-9,Mismatch
148838,1,0,Mismatch
148839,1,0,Mismatch
148840,1,0,Mismatch
148841,1,0,Mismatch
148842,1,0,Mismatch
148843,1,0,Mismatch
148844,1,0,Mismatch
148845,1,0,Mismatch
148846,1,0,Mismatch
148847,1,0,Mismatch
148848,1,0,Mismatch
148849,1,0,Mismatch
148850,1,0,Mismatch
148851,1,0,Mismatch
148852,1,0,Mismatch
148853,1,0,Mismatch
148854,1,0,Mismatch
148855,1,0,Mismatch
148856,1,0,Mismatch
148857,1,0,Mismatch
148858,1,0,Mismatch
148859,1,0,Mismatch
148860,1,0,Mismatch
148861,1,0,Mismatch
148862,1,0,Mismatch
148863,1,0,Mismatch
148864,1,0,Mismatch
148865,1,0,Mismatch
148866,1,0,Mismatch
148867,1,0,Mismatch
148868,1,0,Mismatch
148869,1,0,Mismatch
148870,1,0,Mismatch
148871,1,0,Mismatch
148872,1,0,Mismatch
148873,1,0,Mismatch
148874,1,0,Mismatch
148875,1,0,Mismatch
148876,1,0,Mismatch
148877,1,0,Mismatch
148878,1,0,Mismatch
148879,1,0,Mismatch
148880,1,0,Mismatch
148881,1,0,Mismatch
148882,1,0,Mismatch
148883,1,0,Mismatch
148884,1,0,Mismatch
148885,1,0,Mismatch
148886,1,0,Mismatch
148887,1,0,Mismatch
148888,1,0,Mismatch
148889,1,0,Mismatch
148890,1,0,Mismatch
148891,1,0,Mismatch
148892,1,0,Mismatch
148893,1,0,Mismatch
148894,1,0,Mismatch
148895,1,0,Mismatch
148896,1,0,Mismatch
148897,1,0,Mismatch
148898,1,0,Mismatch
148899,1,0,Mismatch
148900,1,0,Mismatch
148901,1,0,Mismatch
148902,1,0,Mismatch
148903,1,0,Mismatch
148904,1,0,Mismatch
148905,1,0,Mismatch
148906,1,0,Mismatch
148907,1,0,Mismatch
148908,1,0,Mismatch
148909,1,0,Mismatch
148910,1,0,Mismatch
148911,1,0,Mismatch
148912,1,0,Mismatch
148913,1,0,Mismatch
148914,1,0,Mismatch
148915,1,0,Mismatch
148916,1,0,Mismatch
148917,1,0,Mismatch
148918,1,0,Mismatch
148919,1,0,Mismatch
148920,1,0,Mismatch
148921,1,0,Mismatch
148922,1,0,Mismatch
148923,1,0,Mismatch
148924,1,0,Mismatch
148925,1,0,Mismatch
148926,1,0,Mismatch
148927,1,0,Mismatch
148928,1,0,Mismatch
148929,1,0,Mismatch
148930,1,0,Mismatch
148931,1,0,Mismatch
148932,1,0,Mismatch
148933,1,0,Mismatch
148934,1,0,Mismatch
148935,1,0,Mismatch
148936,1,0,Mismatch
148937,1,0,Mismatch
148938,1,0,Mismatch
148939,1,0,Mismatch
148940,1,0,Mismatch
148941,1,0,Mismatch
148942,1,0,Mismatch
148943,1,0,Mismatch
148944,1,0,Mismatch
148945,1,0,Mismatch
148946,1,0,Mismatch
148947,1,0,Mismatch
148948,1,0,Mismatch
148949,1,0,Mismatch
148950,1,0,Mismatch
148951,1,0,Mismatch
148952,1,0,Mismatch
148953,1,0,Mismatch
148954,1,0,Mismatch
148955,1,0,Mismatch
148956,1,0,Mismatch
148957,1,0,Mismatch
148958,1,0,Mismatch
148959,1,0,Mismatch
148960,1,0,Mismatch
148961,1,0,Mismatch
148962,1,0,Mismatch
148963,1,0,Mismatch
148964,1,0,Mismatch
148965,1,0,Mismatch
148966,1,0,Mismatch
148967,1,0,Mismatch
148968,1,0,Mismatch
148969,1,0,Mismatch
148970,1,0,Mismatch
148971,1,0,Mismatch
148972,1,0,Mismatch
148973,1,0,Mismatch
148974,1,0,Mismatch
148975,1,0,Mismatch
148976,1,0,Mismatch
148977,1,0,Mismatch
148978,1,0,Mismatch
148979,1,0,Mismatch
148980,1,0,Mismatch
148981,1,0,Mismatch
148982,1,0,Mismatch
148983,1,0,Mismatch
148984,1,0,Mismatch
148985,1,0,Mismatch
148986,1,0,Mismatch
148987,1,0,Mismatch
148988,1,0,Mismatch
148989,1,0,Mismatch
148990,1,0,Mismatch
148991,1,0,Mismatch
149057,2,0,Mismatch
149058,2,0,Mismatch
149059,2,0,Mismatch
149060,2,0,Mismatch
149061,2,0,Mismatch
149062,2,0,Mismatch
149063,2,0,Mismatch
149064,2,0,Mismatch
149065,2,0,Mismatch
149066,2,0,Mismatch
149067,2,0,Mismatch
149068,2,0,Mismatch
149069,2,0,Mismatch
149070,2,0,Mismatch
149071,2,0,Mismatch
149072,2,0,Mismatch
149073,2,0,Mismatch
149074,2,0,Mismatch
149075,2,0,Mismatch
149076,2,0,Mismatch
149077,2,0,Mismatch
149078,2,0,Mismatch
149079,2,0,Mismatch
149080,2,0,Mismatch
149081,2,0,Mismatch
149082,2,0,Mismatch
149083,2,0,Mismatch
149084,2,0,Mismatch
149085,2,0,Mismatch
149086,2,0,Mismatch
149087,2,0,Mismatch
149088,2,0,Mismatch
149089,2,0,Mismatch
149090,2,0,Mismatch
149091,2,0,Mismatch
149092,2,0,Mismatch
149093,2,0,Mismatch
149094,2,0,Mismatch
149095,2,0,Mismatch
149096,2,0,Mismatch
149097,2,0,Mismatch
149098,2,0,Mismatch
149099,2,0,Mismatch
149100,2,0,Mismatch
149101,2,0,Mismatch
149102,2,0,Mismatch
149103,2,0,Mismatch
149104,2,0,Mismatch
149105,2,0,Mismatch
149106,2,0,Mismatch
149107,2,0,Mismatch
149108,2,0,Mismatch
149109,2,0,Mismatch
149110,2,0,Mismatch
149142,2,0,Mismatch
149143,2,0,Mismatch
149144,2,0,Mismatch
149145,2,0,Mismatch
149146,2,0,Mismatch
149147,2,0,Mismatch
149148,2,0,Mismatch
149149,2,0,Mismatch
149150,2,0,Mismatch
149151,2,0,Mismatch
149152,2,0,Mismatch
149153,2,0,Mismatch
149154,2,0,Mismatch
149155,2,0,Mismatch
149156,2,0,Mismatch
149157,2,0,Mismatch
149158,2,0,Mismatch
149159,2,0,Mismatch
149160,2,0,Mismatch
149161,2,0,Mismatch
149162,2,0,Mismatch
149163,2,0,Mismatch
149164,2,0,Mismatch
149165,2,0,Mismatch
149166,2,0,Mismatch
149167,2,0,Mismatch
149168,2,0,Mismatch
149169,2,0,Mismatch
149170,2,0,Mismatch
149171,2,0,Mismatch
149172,2,0,Mismatch
149173,2,0,Mismatch
149174,2,0,Mismatch
149175,2,0,Mismatch
149176,2,0,Mismatch
149177,2,0,Mismatch
149178,2,0,Mismatch
149179,2,0,Mismatch
149180,2,0,Mismatch
149181,2,0,Mismatch
149182,2,0,Mismatch
149183,2,0,Mismatch
149184,2,0,Mismatch
149185,2,0,Mismatch
149186,2,0,Mismatch
149187,2,0,Mismatch
149188,2,0,Mismatch
149189,2,0,Mismatch
149190,2,0,Mismatch
149191,2,0,Mismatch
149192,2,0,Mismatch
149193,2,0,Mismatch
149194,2,0,Mismatch
149195,2,0,Mismatch
149196,2,0,Mismatch
149197,2,0,Mismatch
149198,2,0,Mismatch
149199,2,0,Mismatch
149200,2,0,Mismatch
149201,2,0,Mismatch
149202,2,0,Mismatch
149203,2,0,Mismatch
149204,2,0,Mismatch
149205,2,0,Mismatch
149206,2,0,Mismatch
149207,2,0,Mismatch
149208,2,0,Mismatch
149209,2,0,Mismatch
149210,2,0,Mismatch
149211,2,0,Mismatch
149212,2,0,Mismatch
149213,2,0,Mismatch
149214,2,0,Mismatch
149215,2,0,Mismatch
149216,2,0,Mismatch
149337,-9,0,Missing Frame in File 1
149338,-9,0,Missing Frame in File 1
149339,-9,0,Missing Frame in File 1
149340,-9,0,Missing Frame in File 1
149341,-9,0,Missing Frame in File 1
149342,-9,0,Missing Frame in File 1
149343,-9,0,Missing Frame in File 1
149344,-9,0,Missing Frame in File 1
149345,-9,0,Missing Frame in File 1
149346,-9,0,Missing Frame in File 1
149347,-9,0,Missing Frame in File 1
149348,-9,0,Missing Frame in File 1
149349,-9,0,Missing Frame in File 1
149350,-9,0,Missing Frame in File 1
149351,-9,0,Missing Frame in File 1
149352,-9,0,Missing Frame in File 1
149353,-9,0,Missing Frame in File 1
149354,-9,0,Missing Frame in File 1
149355,-9,0,Missing Frame in File 1
149356,-9,0,Missing Frame in File 1
149357,-9,0,Missing Frame in File 1
149358,-9,0,Missing Frame in File 1
149359,-9,0,Missing Frame in File 1
149360,-9,0,Missing Frame in File 1
149361,-9,0,Missing Frame in File 1
149362,-9,0,Missing Frame in File 1
149363,-9,0,Missing Frame in File 1
149364,-9,0,Missing Frame in File 1
149365,-9,0,Missing Frame in File 1
149366,-9,0,Missing Frame in File 1
149367,-9,0,Missing Frame in File 1
149368,-9,0,Missing Frame in File 1
149369,-9,0,Missing Frame in File 1
149370,-9,0,Missing Frame in File 1
149371,-9,0,Missing Frame in File 1
149372,-9,0,Missing Frame in File 1
149373,-9,0,Missing Frame in File 1
149374,-9,0,Missing Frame in File 1
149375,-9,0,Missing Frame in File 1
149376,-9,0,Missing Frame in File 1
149377,-9,0,Missing Frame in File 1
149378,-9,0,Missing Frame in File 1
149379,-9,0,Missing Frame in File 1
149380,-9,0,Missing Frame in File 1
149381,-9,0,Missing Frame in File 1
149382,-9,0,Missing Frame in File 1
149383,-9,0,Missing Frame in File 1
149384,-9,0,Missing Frame in File 1
149385,-9,0,Missing Frame in File 1
149386,-9,0,Missing Frame in File 1
149387,-9,0,Missing Frame in File 1
149388,-9,0,Missing Frame in File 1
149389,-9,0,Missing Frame in File 1
149390,-9,0,Missing Frame in File 1
149391,-9,0,Missing Frame in File 1
149392,-9,0,Missing Frame in File 1
149393,-9,0,Missing Frame in File 1
149394,-9,0,Missing Frame in File 1
149395,-9,0,Missing Frame in File 1
149396,-9,0,Missing Frame in File 1
149397,-9,0,Missing Frame in File 1
149398,-9,0,Missing Frame in File 1
149399,-9,0,Missing Frame in File 1
149400,-9,0,Missing Frame in File 1
149401,-9,0,Missing Frame in File 1
149402,-9,0,Missing Frame in File 1
149403,-9,0,Missing Frame in File 1
149404,-9,0,Missing Frame in File 1
149405,-9,0,Missing Frame in File 1
149406,-9,0,Missing Frame in File 1
149407,-9,0,Missing Frame in File 1
149408,-9,0,Missing Frame in File 1
149409,-9,0,Missing Frame in File 1
149410,-9,0,Missing Frame in File 1
149411,-9,0,Missing Frame in File 1
149412,-9,0,Missing Frame in File 1
149413,-9,0,Missing Frame in File 1
149414,-9,0,Missing Frame in File 1
149415,-9,0,Missing Frame in File 1
149416,-9,0,Missing Frame in File 1
149417,-9,0,Missing Frame in File 1
149418,-9,0,Missing Frame in File 1
149419,-9,0,Missing Frame in File 1
149420,-9,0,Missing Frame in File 1
149421,-9,0,Missing Frame in File 1
149422,-9,0,Missing Frame in File 1
149423,-9,0,Missing Frame in File 1
149424,-9,0,Missing Frame in File 1
149425,-9,0,Missing Frame in File 1
149426,-9,0,Missing Frame in File 1
149427,-9,0,Missing Frame in File 1
149428,-9,0,Missing Frame in File 1
149429,-9,0,Missing Frame in File 1
149430,-9,0,Missing Frame in File 1
149431,-9,0,Missing Frame in File 1
149432,-9,0,Missing Frame in File 1
149433,-9,0,Missing Frame in File 1
149434,-9,0,Missing Frame in File 1
149435,-9,0,Missing Frame in File 1
149436,-9,0,Missing Frame in File 1
149437,-9,0,Missing Frame in File 1
149438,-9,0,Missing Frame in File 1
149439,-9,0,Missing Frame in File 1
149440,-9,0,Missing Frame in File 1
149441,-9,0,Missing Frame in File 1
149442,-9,0,Missing Frame in File 1
149443,-9,0,Missing Frame in File 1
149444,-9,0,Missing Frame in File 1
149445,-9,0,Missing Frame in File 1
149446,-9,0,Missing Frame in File 1
149447,-9,0,Missing Frame in File 1
149448,-9,0,Missing Frame in File 1
149449,-9,0,Missing Frame in File 1
149450,-9,0,Missing Frame in File 1
149451,-9,0,Missing Frame in File 1
149452,-9,0,Missing Frame in File 1
149453,-9,0,Missing Frame in File 1
149454,-9,0,Missing Frame in File 1
149455,-9,0,Missing Frame in File 1
149456,-9,0,Missing Frame in File 1
149457,-9,0,Missing Frame in File 1
149458,-9,0,Missing Frame in File 1
149459,-9,0,Missing Frame in File 1
149460,-9,0,Missing Frame in File 1
149461,-9,0,Missing Frame in File 1
149462,-9,0,Missing Frame in File 1
149463,-9,0,Missing Frame in File 1
149464,-9,0,Missing Frame in File 1
149465,-9,0,Missing Frame in File 1
149466,-9,0,Missing Frame in File 1
149467,-9,0,Missing Frame in File 1
149468,-9,0,Missing Frame in File 1
149469,-9,0,Missing Frame in File 1
149542,0,-9,Mismatch
149543,0,3,Mismatch
149544,0,3,Mismatch
149545,0,3,Mismatch
149546,0,3,Mismatch
149547,0,3,Mismatch
149548,0,3,Mismatch
149549,0,3,Mismatch
149550,0,3,Mismatch
149551,0,3,Mismatch
149552,-9,3,Mismatch
149676,0,3,Mismatch
149677,0,3,Mismatch
149678,0,3,Mismatch
149679,0,3,Mismatch
149680,0,3,Mismatch
149681,0,3,Mismatch
149682,0,3,Mismatch
149683,0,3,Mismatch
149684,0,3,Mismatch
149685,0,3,Mismatch
149686,0,3,Mismatch
149687,0,3,Mismatch
149688,0,3,Mismatch
149689,0,3,Mismatch
149690,0,3,Mismatch
149691,0,3,Mismatch
149692,0,3,Mismatch
149693,0,3,Mismatch
149694,0,3,Mismatch
149796,1,0,Mismatch
149797,1,0,Mismatch
149798,1,0,Mismatch
149799,1,0,Mismatch
149800,1,0,Mismatch
149801,1,0,Mismatch
149802,1,0,Mismatch
149803,1,0,Mismatch
149804,1,0,Mismatch
149805,1,0,Mismatch
149806,1,0,Mismatch
149807,1,0,Mismatch
149808,1,0,Mismatch
149809,1,0,Mismatch
149810,1,0,Mismatch
149811,1,0,Mismatch
149812,1,0,Mismatch
149813,1,0,Mismatch
149814,1,0,Mismatch
149815,1,0,Mismatch
149816,1,0,Mismatch
149817,1,0,Mismatch
149818,1,0,Mismatch
149819,1,0,Mismatch
149820,1,0,Mismatch
149821,1,0,Mismatch
149822,1,0,Mismatch
149823,1,0,Mismatch
149824,1,0,Mismatch
149825,1,0,Mismatch
149826,1,0,Mismatch
149827,1,0,Mismatch
149828,1,0,Mismatch
149829,1,0,Mismatch
149830,1,0,Mismatch
149831,1,0,Mismatch
149832,1,0,Mismatch
149833,1,0,Mismatch
149834,1,0,Mismatch
149835,1,0,Mismatch
149836,1,0,Mismatch
149837,1,0,Mismatch
149838,1,0,Mismatch
149839,1,0,Mismatch
149840,1,0,Mismatch
149841,1,0,Mismatch
149842,1,0,Mismatch
149843,1,0,Mismatch
149844,1,0,Mismatch
149845,1,0,Mismatch
149846,1,0,Mismatch
149847,1,0,Mismatch
149848,1,0,Mismatch
149849,1,0,Mismatch
149850,1,0,Mismatch
149851,1,0,Mismatch
149852,1,0,Mismatch
149853,1,0,Mismatch
149854,1,0,Mismatch
149855,1,0,Mismatch
149856,1,0,Mismatch
149857,1,0,Mismatch
149858,1,0,Mismatch
149859,1,0,Mismatch
149860,3,0,Mismatch
149861,3,0,Mismatch
149862,3,0,Mismatch
149863,3,0,Mismatch
149864,3,0,Mismatch
149865,3,0,Mismatch
149866,3,0,Mismatch
149867,3,0,Mismatch
149868,3,0,Mismatch
149869,3,0,Mismatch
149870,3,0,Mismatch
149871,3,0,Mismatch
149872,3,0,Mismatch
149873,3,0,Mismatch
149874,3,0,Mismatch
149875,3,0,Mismatch
149876,3,0,Mismatch
149877,3,0,Mismatch
149878,3,0,Mismatch
149879,3,0,Mismatch
149880,3,0,Mismatch
149881,3,0,Mismatch
149882,3,0,Mismatch
149883,3,0,Mismatch
149884,3,0,Mismatch
149885,3,0,Mismatch
149886,3,0,Mismatch
149887,3,0,Mismatch
149888,3,0,Mismatch
149889,3,0,Mismatch
149890,3,0,Mismatch
149891,3,0,Mismatch
149892,3,0,Mismatch
149893,3,0,Mismatch
149894,3,0,Mismatch
149895,3,0,Mismatch
149896,3,0,Mismatch
149897,3,0,Mismatch
149898,3,0,Mismatch
149899,3,0,Mismatch
149900,3,0,Mismatch
149901,3,0,Mismatch
149902,3,0,Mismatch
149903,3,0,Mismatch
149904,3,0,Mismatch
149905,3,0,Mismatch
149906,3,0,Mismatch
149907,3,0,Mismatch
149908,3,0,Mismatch
149909,3,0,Mismatch
149910,3,0,Mismatch
149911,3,0,Mismatch
149912,3,0,Mismatch
149913,3,0,Mismatch
149914,3,0,Mismatch
149915,3,0,Mismatch
149916,-9,0,Mismatch
149917,-9,0,Mismatch
149918,-9,0,Mismatch
149919,-9,0,Mismatch
149920,-9,0,Mismatch
149921,-9,0,Mismatch
149922,-9,0,Mismatch
149923,-9,0,Mismatch
149924,-9,0,Mismatch
149925,-9,0,Mismatch
149926,-9,0,Mismatch
149927,-9,0,Mismatch
149928,-9,0,Mismatch
149929,-9,0,Mismatch
149930,-9,0,Mismatch
149931,-9,0,Mismatch
149932,-9,0,Mismatch
149933,-9,0,Mismatch
149934,-9,0,Mismatch
149935,-9,0,Mismatch
149936,-9,0,Mismatch
149937,-9,0,Mismatch
149938,-9,0,Mismatch
149939,-9,0,Mismatch
149940,-9,0,Mismatch
149941,-9,0,Mismatch
149942,-9,0,Mismatch
149943,-9,0,Mismatch
149944,-9,0,Mismatch
149945,-9,0,Mismatch
149946,-9,0,Mismatch
149947,-9,0,Mismatch
149948,-9,0,Mismatch
149949,-9,0,Mismatch
149950,-9,0,Mismatch
149951,-9,0,Mismatch
149952,-9,0,Mismatch
149953,-9,0,Mismatch
149954,-9,0,Mismatch
149955,-9,0,Mismatch
149956,-9,0,Mismatch
149957,-9,0,Mismatch
149958,-9,0,Mismatch
149959,-9,0,Mismatch
149960,-9,0,Mismatch
149961,-9,0,Mismatch
149962,-9,0,Mismatch
149963,-9,0,Mismatch
149964,-9,0,Mismatch
149965,-9,0,Mismatch
149966,-9,0,Mismatch
149967,-9,0,Mismatch
149968,-9,0,Mismatch
149969,-9,0,Mismatch
149970,-9,0,Mismatch
149971,-9,0,Mismatch
149972,-9,0,Mismatch
149973,-9,0,Mismatch
149974,-9,0,Mismatch
149975,-9,0,Mismatch
149976,-9,0,Mismatch
149977,-9,0,Mismatch
149978,-9,0,Mismatch
149979,-9,0,Mismatch
149980,-9,0,Mismatch
149981,-9,0,Mismatch
149982,-9,0,Mismatch
149983,-9,0,Mismatch
149984,-9,0,Mismatch
149985,-9,0,Mismatch
149986,-9,0,Mismatch
149987,-9,0,Mismatch
149988,-9,0,Mismatch
149989,-9,0,Mismatch
149990,-9,0,Mismatch
149991,-9,0,Mismatch
149992,-9,0,Mismatch
149993,-9,0,Mismatch
149994,-9,0,Mismatch
149995,-9,0,Mismatch
149996,-9,0,Mismatch
149997,-9,0,Mismatch
149998,-9,0,Mismatch
149999,-9,0,Mismatch
150000,-9,0,Mismatch
150001,-9,0,Mismatch
150002,-9,0,Mismatch
150003,-9,0,Mismatch
150004,-9,0,Mismatch
150005,-9,0,Mismatch
150006,-9,0,Mismatch
150007,-9,0,Mismatch
150008,-9,0,Mismatch
150009,-9,0,Mismatch
150010,-9,0,Mismatch
150011,-9,0,Mismatch
150012,-9,0,Mismatch
150013,-9,0,Mismatch
150014,-9,0,Mismatch
150015,-9,0,Mismatch
150016,-9,0,Mismatch
150017,-9,0,Mismatch
150018,-9,0,Mismatch
150019,-9,0,Mismatch
150020,-9,0,Mismatch
150021,-9,0,Mismatch
150022,-9,0,Mismatch
150023,-9,0,Mismatch
150024,-9,0,Mismatch
150025,-9,0,Mismatch
150026,-9,0,Mismatch
150027,-9,0,Mismatch
150028,-9,0,Mismatch
150029,-9,0,Mismatch
150030,-9,0,Mismatch
150031,-9,0,Mismatch
150032,-9,0,Mismatch
150033,-9,0,Mismatch
150034,-9,0,Mismatch
150035,-9,0,Mismatch
150036,-9,0,Mismatch
150037,-9,0,Mismatch
150038,-9,0,Mismatch
150039,-9,0,Mismatch
150040,-9,0,Mismatch
150041,-9,0,Mismatch
150042,-9,0,Mismatch
150043,-9,0,Mismatch
150044,-9,0,Mismatch
150045,-9,0,Mismatch
150046,-9,0,Mismatch
150047,-9,0,Mismatch
150048,-9,0,Mismatch
150049,-9,0,Mismatch
150050,-9,0,Mismatch
150051,-9,0,Mismatch
150052,-9,0,Mismatch
150053,-9,0,Mismatch
150054,-9,0,Mismatch
150055,-9,0,Mismatch
150056,-9,0,Mismatch
150057,-9,0,Mismatch
150058,-9,0,Mismatch
150059,-9,0,Mismatch
150060,-9,0,Mismatch
150061,-9,0,Mismatch
150062,-9,0,Mismatch
150063,-9,0,Mismatch
150064,-9,0,Mismatch
150065,-9,0,Mismatch
150066,-9,0,Mismatch
150067,-9,0,Mismatch
150068,-9,0,Mismatch
150069,-9,0,Mismatch
150070,-9,0,Mismatch
150071,-9,0,Mismatch
150072,-9,0,Mismatch
150073,-9,0,Mismatch
150074,-9,0,Mismatch
150075,-9,0,Mismatch
150076,-9,0,Mismatch
150077,-9,0,Mismatch
150078,-9,0,Mismatch
150079,-9,0,Mismatch
150080,-9,0,Mismatch
150081,-9,0,Mismatch
150082,-9,0,Mismatch
150083,-9,0,Mismatch
150084,-9,0,Mismatch
150085,-9,0,Mismatch
150086,-9,0,Mismatch
150087,-9,0,Mismatch
150088,-9,0,Mismatch
150089,-9,0,Mismatch
150090,-9,0,Mismatch
150091,-9,0,Mismatch
150092,-9,0,Mismatch
150093,-9,0,Mismatch
150094,-9,0,Missing Frame in File 1
150095,-9,0,Missing Frame in File 1
150096,-9,0,Missing Frame in File 1
150097,-9,0,Missing Frame in File 1
150098,-9,0,Missing Frame in File 1
150099,-9,0,Missing Frame in File 1
150100,-9,0,Missing Frame in File 1
150101,-9,0,Missing Frame in File 1
150102,-9,0,Missing Frame in File 1
150103,-9,0,Missing Frame in File 1
150104,-9,0,Missing Frame in File 1
150105,-9,0,Missing Frame in File 1
150106,-9,0,Missing Frame in File 1
150107,-9,0,Missing Frame in File 1
150108,-9,0,Missing Frame in File 1
150109,-9,0,Missing Frame in File 1
150110,-9,0,Missing Frame in File 1
150111,-9,0,Missing Frame in File 1
150112,-9,0,Missing Frame in File 1
150113,-9,0,Missing Frame in File 1
150114,-9,0,Missing Frame in File 1
150115,-9,0,Missing Frame in File 1
150116,-9,0,Missing Frame in File 1
150117,-9,0,Missing Frame in File 1
150118,-9,0,Missing Frame in File 1
150119,-9,0,Missing Frame in File 1
150120,-9,0,Missing Frame in File 1
150121,-9,0,Missing Frame in File 1
150122,-9,0,Missing Frame in File 1
150123,-9,0,Missing Frame in File 1
150124,-9,0,Missing Frame in File 1
150125,-9,0,Missing Frame in File 1
150126,-9,0,Missing Frame in File 1
150127,-9,0,Missing Frame in File 1
150128,-9,0,Missing Frame in File 1
150129,-9,0,Missing Frame in File 1
150130,-9,0,Missing Frame in File 1
150131,-9,0,Missing Frame in File 1
150132,-9,0,Missing Frame in File 1
150133,-9,0,Missing Frame in File 1
150134,-9,0,Missing Frame in File 1
150135,-9,0,Missing Frame in File 1
150136,-9,0,Missing Frame in File 1
150137,-9,0,Missing Frame in File 1
150138,-9,0,Missing Frame in File 1
150139,-9,0,Missing Frame in File 1
150140,-9,0,Missing Frame in File 1
150141,-9,0,Missing Frame in File 1
150142,-9,0,Missing Frame in File 1
150143,-9,0,Missing Frame in File 1
150144,-9,0,Missing Frame in File 1
150145,-9,0,Missing Frame in File 1
150146,-9,0,Missing Frame in File 1
150147,-9,0,Missing Frame in File 1
150148,-9,0,Missing Frame in File 1
150149,-9,0,Missing Frame in File 1
150150,-9,0,Missing Frame in File 1
150151,-9,0,Missing Frame in File 1
150152,-9,0,Missing Frame in File 1
150153,-9,0,Missing Frame in File 1
150154,-9,0,Missing Frame in File 1
150155,-9,0,Missing Frame in File 1
150156,-9,0,Missing Frame in File 1
150157,-9,0,Missing Frame in File 1
150158,-9,0,Missing Frame in File 1
150159,-9,0,Missing Frame in File 1
150160,-9,0,Missing Frame in File 1
150161,-9,0,Missing Frame in File 1
150162,-9,0,Missing Frame in File 1
150163,-9,0,Missing Frame in File 1
150164,-9,0,Missing Frame in File 1
150165,-9,0,Missing Frame in File 1
150166,-9,0,Missing Frame in File 1
150167,-9,0,Missing Frame in File 1
150168,-9,0,Missing Frame in File 1
150169,-9,0,Missing Frame in File 1
150170,-9,0,Missing Frame in File 1
150171,-9,0,Missing Frame in File 1
150172,-9,0,Missing Frame in File 1
150173,-9,0,Missing Frame in File 1
150174,-9,0,Missing Frame in File 1
150175,-9,0,Missing Frame in File 1
150176,-9,0,Missing Frame in File 1
150177,-9,0,Missing Frame in File 1
150178,-9,0,Missing Frame in File 1
150179,-9,0,Missing Frame in File 1
150180,-9,0,Missing Frame in File 1
150181,-9,0,Missing Frame in File 1
150182,-9,0,Missing Frame in File 1
150183,-9,0,Missing Frame in File 1
150184,-9,0,Missing Frame in File 1
150185,-9,0,Missing Frame in File 1
150186,-9,0,Missing Frame in File 1
150187,-9,0,Missing Frame in File 1
150188,-9,0,Missing Frame in File 1
150189,-9,0,Missing Frame in File 1
150190,-9,0,Missing Frame in File 1
150191,-9,0,Missing Frame in File 1
150192,-9,0,Missing Frame in File 1
150193,-9,0,Missing Frame in File 1
150194,-9,0,Missing Frame in File 1
150195,-9,0,Missing Frame in File 1
150196,-9,0,Missing Frame in File 1
150197,-9,0,Missing Frame in File 1
150198,-9,0,Missing Frame in File 1
150199,-9,0,Missing Frame in File 1
150200,-9,0,Missing Frame in File 1
150731,1,-9,Missing Frame in File 2
150732,1,-9,Missing Frame in File 2
150733,1,-9,Missing Frame in File 2
150734,1,-9,Missing Frame in File 2
150735,1,-9,Missing Frame in File 2
150736,1,-9,Missing Frame in File 2
150737,1,-9,Missing Frame in File 2
150738,1,-9,Missing Frame in File 2
150739,1,-9,Missing Frame in File 2
150740,1,-9,Missing Frame in File 2
150741,1,-9,Missing Frame in File 2
150742,1,-9,Missing Frame in File 2
150743,1,-9,Missing Frame in File 2
150744,1,-9,Missing Frame in File 2
150745,1,-9,Missing Frame in File 2
150746,1,-9,Missing Frame in File 2
150747,1,-9,Missing Frame in File 2
150748,1,-9,Missing Frame in File 2
150749,1,-9,Missing Frame in File 2
150750,1,-9,Missing Frame in File 2
150751,1,-9,Missing Frame in File 2
150752,1,-9,Missing Frame in File 2
150753,1,-9,Missing Frame in File 2
150754,1,-9,Missing Frame in File 2
150755,1,-9,Missing Frame in File 2
150756,1,-9,Missing Frame in File 2
150757,1,-9,Missing Frame in File 2
150758,1,-9,Missing Frame in File 2
150759,1,-9,Missing Frame in File 2
150760,1,-9,Missing Frame in File 2
150761,1,-9,Missing Frame in File 2
150762,1,-9,Missing Frame in File 2
150763,1,-9,Missing Frame in File 2
150764,1,-9,Missing Frame in File 2
150765,1,-9,Missing Frame in File 2
150766,1,-9,Missing Frame in File 2
150767,1,-9,Missing Frame in File 2
150768,1,-9,Missing Frame in File 2
150769,1,-9,Missing Frame in File 2
150770,1,-9,Missing Frame in File 2
150771,1,-9,Missing Frame in File 2
150772,1,-9,Missing Frame in File 2
150773,1,-9,Missing Frame in File 2
150774,1,-9,Missing Frame in File 2
150775,1,-9,Missing Frame in File 2
150776,1,-9,Missing Frame in File 2
150777,1,-9,Missing Frame in File 2
150778,1,-9,Missing Frame in File 2
150779,1,-9,Missing Frame in File 2
150780,1,-9,Missing Frame in File 2
150781,1,-9,Missing Frame in File 2
150782,1,-9,Missing Frame in File 2
150783,1,-9,Missing Frame in File 2
150784,1,-9,Missing Frame in File 2
150785,1,-9,Missing Frame in File 2
150786,1,-9,Missing Frame in File 2
150787,1,-9,Missing Frame in File 2
150788,1,-9,Missing Frame in File 2
150789,1,-9,Missing Frame in File 2
150790,1,-9,Missing Frame in File 2
150791,1,-9,Missing Frame in File 2
150792,1,-9,Missing Frame in File 2
150793,1,-9,Missing Frame in File 2
150794,1,-9,Missing Frame in File 2
150795,1,-9,Missing Frame in File 2
150796,1,-9,Missing Frame in File 2
150797,1,-9,Missing Frame in File 2
150798,1,-9,Missing Frame in File 2
150799,1,-9,Missing Frame in File 2
150800,1,-9,Missing Frame in File 2
150801,1,-9,Missing Frame in File 2
150802,1,-9,Missing Frame in File 2
150803,1,-9,Missing Frame in File 2
150804,-9,-9,Missing Frame in File 2
150805,-9,-9,Missing Frame in File 2
150806,-9,-9,Missing Frame in File 2
150807,-9,-9,Missing Frame in File 2
150808,-9,-9,Missing Frame in File 2
150809,-9,-9,Missing Frame in File 2
150810,-9,-9,Missing Frame in File 2
150811,-9,-9,Missing Frame in File 2
150812,-9,-9,Missing Frame in File 2
150813,-9,-9,Missing Frame in File 2
150814,-9,-9,Missing Frame in File 2
150815,-9,-9,Missing Frame in File 2
150816,-9,-9,Missing Frame in File 2
150817,-9,-9,Missing Frame in File 2
150818,-9,-9,Missing Frame in File 2
150819,-9,-9,Missing Frame in File 2
150820,-9,-9,Missing Frame in File 2
150821,-9,-9,Missing Frame in File 2
150822,-9,-9,Missing Frame in File 2
150823,-9,-9,Missing Frame in File 2
150824,-9,-9,Missing Frame in File 2
150825,-9,-9,Missing Frame in File 2
150826,-9,-9,Missing Frame in File 2
150827,-9,-9,Missing Frame in File 2
150828,-9,-9,Missing Frame in File 2
150829,-9,-9,Missing Frame in File 2
150830,-9,-9,Missing Frame in File 2
150831,-9,-9,Missing Frame in File 2
150832,-9,-9,Missing Frame in File 2
150833,-9,-9,Missing Frame in File 2
150834,-9,-9,Missing Frame in File 2
150835,-9,-9,Missing Frame in File 2
150836,-9,-9,Missing Frame in File 2
150837,-9,-9,Missing Frame in File 2
150838,-9,-9,Missing Frame in File 2
150839,-9,-9,Missing Frame in File 2
150840,-9,-9,Missing Frame in File 2
150841,-9,-9,Missing Frame in File 2
150842,-9,-9,Missing Frame in File 2
150843,-9,-9,Missing Frame in File 2
150844,-9,-9,Missing Frame in File 2
150845,-9,-9,Missing Frame in File 2
150846,-9,-9,Missing Frame in File 2
150847,-9,-9,Missing Frame in File 2
150848,-9,-9,Missing Frame in File 2
150849,-9,-9,Missing Frame in File 2
150850,-9,-9,Missing Frame in File 2
150851,-9,-9,Missing Frame in File 2
150852,-9,-9,Missing Frame in File 2
150853,-9,-9,Missing Frame in File 2
150854,-9,-9,Missing Frame in File 2
150855,-9,-9,Missing Frame in File 2
150856,-9,-9,Missing Frame in File 2
150857,-9,-9,Missing Frame in File 2
150858,-9,-9,Missing Frame in File 2
150859,-9,-9,Missing Frame in File 2
150860,-9,-9,Missing Frame in File 2
150861,-9,-9,Missing Frame in File 2
150862,-9,-9,Missing Frame in File 2
150863,-9,-9,Missing Frame in File 2
150864,-9,-9,Missing Frame in File 2
150865,-9,-9,Missing Frame in File 2
150866,-9,-9,Missing Frame in File 2
150867,-9,-9,Missing Frame in File 2
150868,-9,-9,Missing Frame in File 2
150869,-9,-9,Missing Frame in File 2
150870,-9,-9,Missing Frame in File 2
150871,-9,-9,Missing Frame in File 2
150872,-9,-9,Missing Frame in File 2
150873,-9,-9,Missing Frame in File 2
150874,-9,-9,Missing Frame in File 2
150875,-9,-9,Missing Frame in File 2
150876,-9,-9,Missing Frame in File 2
150877,-9,-9,Missing Frame in File 2
150878,-9,-9,Missing Frame in File 2
150879,-9,-9,Missing Frame in File 2
150880,-9,-9,Missing Frame in File 2
150881,-9,-9,Missing Frame in File 2
150882,-9,-9,Missing Frame in File 2
150883,-9,-9,Missing Frame in File 2
150884,-9,-9,Missing Frame in File 2
150885,-9,-9,Missing Frame in File 2
150886,-9,-9,Missing Frame in File 2
150887,-9,-9,Missing Frame in File 2
150888,-9,-9,Missing Frame in File 2
150889,-9,-9,Missing Frame in File 2
150890,-9,-9,Missing Frame in File 2
150891,-9,-9,Missing Frame in File 2
150892,-9,-9,Missing Frame in File 2
150893,-9,-9,Missing Frame in File 2
150894,-9,-9,Missing Frame in File 2
150895,-9,-9,Missing Frame in File 2
150896,-9,-9,Missing Frame in File 2
150897,-9,-9,Missing Frame in File 2
150898,-9,-9,Missing Frame in File 2
150899,-9,-9,Missing Frame in File 2
150900,-9,-9,Missing Frame in File 2
150901,-9,-9,Missing Frame in File 2
150902,-9,-9,Missing Frame in File 2
150903,-9,-9,Missing Frame in File 2
150904,-9,-9,Missing Frame in File 2
150905,-9,-9,Missing Frame in File 2
150906,-9,-9,Missing Frame in File 2
150907,-9,-9,Missing Frame in File 2
150908,-9,-9,Missing Frame in File 2
150909,-9,-9,Missing Frame in File 2
150910,-9,-9,Missing Frame in File 2
150911,-9,-9,Missing Frame in File 2
150912,-9,-9,Missing Frame in File 2
150913,-9,-9,Missing Frame in File 2
150914,-9,-9,Missing Frame in File 2
150915,-9,-9,Missing Frame in File 2
150916,-9,-9,Missing Frame in File 2
150917,-9,-9,Missing Frame in File 2
150918,-9,-9,Missing Frame in File 2
150919,-9,-9,Missing Frame in File 2
150920,-9,-9,Missing Frame in File 2
150921,-9,-9,Missing Frame in File 2
150922,-9,-9,Missing Frame in File 2
150923,-9,-9,Missing Frame in File 2
150924,-9,-9,Missing Frame in File 2
150925,-9,-9,Missing Frame in File 2
150926,-9,-9,Missing Frame in File 2
150927,-9,-9,Missing Frame in File 2
150928,-9,-9,Missing Frame in File 2
150929,-9,-9,Missing Frame in File 2
150930,-9,-9,Missing Frame in File 2
150931,-9,-9,Missing Frame in File 2
150932,-9,-9,Missing Frame in File 2
150933,-9,-9,Missing Frame in File 2
150934,-9,-9,Missing Frame in File 2
150935,-9,-9,Missing Frame in File 2
150936,-9,-9,Missing Frame in File 2
150937,-9,-9,Missing Frame in File 2
150938,-9,-9,Missing Frame in File 2
150939,-9,-9,Missing Frame in File 2
150940,1,-9,Missing Frame in File 2
150941,1,-9,Missing Frame in File 2
150942,1,-9,Missing Frame in File 2
150943,1,-9,Missing Frame in File 2
150944,1,-9,Missing Frame in File 2
150945,1,-9,Missing Frame in File 2
150946,1,-9,Missing Frame in File 2
150947,1,-9,Missing Frame in File 2
150948,1,-9,Missing Frame in File 2
150949,1,-9,Missing Frame in File 2
150950,1,-9,Missing Frame in File 2
150951,1,-9,Missing Frame in File 2
150952,1,-9,Missing Frame in File 2
150953,1,-9,Missing Frame in File 2
150954,1,-9,Missing Frame in File 2
150955,1,-9,Missing Frame in File 2
150956,1,-9,Missing Frame in File 2
150957,1,-9,Missing Frame in File 2
150958,1,-9,Missing Frame in File 2
150959,1,-9,Missing Frame in File 2
150960,1,-9,Missing Frame in File 2
150961,1,-9,Missing Frame in File 2
150962,1,-9,Missing Frame in File 2
150963,1,-9,Missing Frame in File 2
150964,1,-9,Missing Frame in File 2
150965,1,-9,Missing Frame in File 2
150966,1,-9,Missing Frame in File 2
150967,1,-9,Missing Frame in File 2
150968,1,-9,Missing Frame in File 2
150969,1,-9,Missing Frame in File 2
150970,1,-9,Missing Frame in File 2
150971,1,-9,Missing Frame in File 2
150972,1,-9,Missing Frame in File 2
150973,1,-9,Missing Frame in File 2
150974,1,-9,Missing Frame in File 2
150975,1,-9,Missing Frame in File 2
150976,1,-9,Missing Frame in File 2
150977,1,-9,Missing Frame in File 2
150978,1,-9,Missing Frame in File 2
150979,1,-9,Missing Frame in File 2
150980,1,-9,Missing Frame in File 2
150981,1,-9,Missing Frame in File 2
150982,1,-9,Missing Frame in File 2
150983,1,-9,Missing Frame in File 2
150984,1,-9,Missing Frame in File 2
150985,1,-9,Missing Frame in File 2
150986,1,-9,Missing Frame in File 2
150987,1,-9,Missing Frame in File 2
150988,1,-9,Missing Frame in File 2
150989,1,-9,Missing Frame in File 2
150990,1,-9,Missing Frame in File 2
150991,1,-9,Missing Frame in File 2
150992,1,-9,Missing Frame in File 2
150993,1,-9,Missing Frame in File 2
150994,1,-9,Missing Frame in File 2
150995,1,-9,Missing Frame in File 2
150996,1,-9,Missing Frame in File 2
150997,1,-9,Missing Frame in File 2
150998,1,-9,Missing Frame in File 2
150999,1,-9,Missing Frame in File 2
151000,1,-9,Missing Frame in File 2
151001,1,-9,Missing Frame in File 2
151002,1,-9,Missing Frame in File 2
151003,1,-9,Missing Frame in File 2
151004,1,-9,Missing Frame in File 2
151005,1,-9,Missing Frame in File 2
151006,1,-9,Missing Frame in File 2
151007,1,-9,Missing Frame in File 2
151008,1,-9,Missing Frame in File 2
151009,1,-9,Missing Frame in File 2
151010,1,-9,Missing Frame in File 2
151011,1,-9,Missing Frame in File 2
151012,1,-9,Missing Frame in File 2
151013,1,-9,Missing Frame in File 2
151014,1,-9,Missing Frame in File 2
151015,1,-9,Missing Frame in File 2
151016,1,-9,Missing Frame in File 2
151017,1,-9,Missing Frame in File 2
151018,1,-9,Missing Frame in File 2
151019,1,-9,Missing Frame in File 2
151020,1,-9,Missing Frame in File 2
151021,1,-9,Missing Frame in File 2
151022,1,-9,Missing Frame in File 2
151023,1,-9,Missing Frame in File 2
151024,1,-9,Missing Frame in File 2
151025,1,-9,Missing Frame in File 2
151026,1,-9,Missing Frame in File 2
151027,1,-9,Missing Frame in File 2
151028,1,-9,Missing Frame in File 2
151029,1,-9,Missing Frame in File 2
151030,1,-9,Missing Frame in File 2
151031,1,-9,Missing Frame in File 2
151032,1,-9,Missing Frame in File 2
151033,1,-9,Missing Frame in File 2
151034,1,-9,Missing Frame in File 2
151035,1,-9,Missing Frame in File 2
151036,1,-9,Missing Frame in File 2
151037,1,-9,Missing Frame in File 2
151038,1,-9,Missing Frame in File 2
151039,1,-9,Missing Frame in File 2
151040,1,-9,Missing Frame in File 2
151041,1,-9,Missing Frame in File 2
151042,1,-9,Missing Frame in File 2
151043,1,-9,Missing Frame in File 2
151044,1,-9,Missing Frame in File 2
151045,1,-9,Missing Frame in File 2
151046,1,-9,Missing Frame in File 2
151047,1,-9,Missing Frame in File 2
151048,1,-9,Missing Frame in File 2
151049,1,-9,Missing Frame in File 2
151050,1,-9,Missing Frame in File 2
151051,1,-9,Missing Frame in File 2
151052,1,-9,Missing Frame in File 2
151053,1,-9,Missing Frame in File 2
151054,-9,-9,Missing Frame in File 2
151055,-9,-9,Missing Frame in File 2
151056,-9,-9,Missing Frame in File 2
151057,-9,-9,Missing Frame in File 2
151058,-9,-9,Missing Frame in File 2
151059,-9,-9,Missing Frame in File 2
151060,-9,-9,Missing Frame in File 2
151061,-9,-9,Missing Frame in File 2
151062,-9,-9,Missing Frame in File 2
151063,-9,-9,Missing Frame in File 2
151064,-9,-9,Missing Frame in File 2
151065,-9,-9,Missing Frame in File 2
151066,-9,-9,Missing Frame in File 2
151067,-9,-9,Missing Frame in File 2
151068,-9,-9,Missing Frame in File 2
151069,-9,-9,Missing Frame in File 2
151070,-9,-9,Missing Frame in File 2
151071,-9,-9,Missing Frame in File 2
151072,-9,-9,Missing Frame in File 2
151073,-9,-9,Missing Frame in File 2
151074,-9,-9,Missing Frame in File 2
151075,-9,-9,Missing Frame in File 2
151076,-9,-9,Missing Frame in File 2
151077,-9,-9,Missing Frame in File 2
151078,-9,-9,Missing Frame in File 2
151079,-9,-9,Missing Frame in File 2
151080,-9,-9,Missing Frame in File 2
151081,-9,-9,Missing Frame in File 2
151082,-9,-9,Missing Frame in File 2
151083,-9,-9,Missing Frame in File 2
151084,-9,-9,Missing Frame in File 2
151085,-9,-9,Missing Frame in File 2
151086,-9,-9,Missing Frame in File 2
151087,-9,-9,Missing Frame in File 2
151088,-9,-9,Missing Frame in File 2
151089,-9,-9,Missing Frame in File 2
151090,-9,-9,Missing Frame in File 2
151091,-9,-9,Missing Frame in File 2
151092,-9,-9,Missing Frame in File 2
151093,-9,-9,Missing Frame in File 2
151094,-9,-9,Missing Frame in File 2
151095,-9,-9,Missing Frame in File 2
151096,-9,-9,Missing Frame in File 2
151097,-9,-9,Missing Frame in File 2
151098,-9,-9,Missing Frame in File 2
151099,-9,-9,Missing Frame in File 2
151100,-9,-9,Missing Frame in File 2
151101,-9,-9,Missing Frame in File 2
151102,-9,-9,Missing Frame in File 2
151103,-9,-9,Missing Frame in File 2
151104,-9,-9,Missing Frame in File 2
151105,-9,-9,Missing Frame in File 2
151106,-9,-9,Missing Frame in File 2
151107,-9,-9,Missing Frame in File 2
151108,-9,-9,Missing Frame in File 2
151109,-9,-9,Missing Frame in File 2
151110,-9,-9,Missing Frame in File 2
151111,-9,-9,Missing Frame in File 2
151112,-9,-9,Missing Frame in File 2
151113,-9,-9,Missing Frame in File 2
151114,-9,-9,Missing Frame in File 2
151115,-9,-9,Missing Frame in File 2
151116,-9,-9,Missing Frame in File 2
151117,-9,-9,Missing Frame in File 2
151118,-9,-9,Missing Frame in File 2
151119,-9,-9,Missing Frame in File 2
151120,-9,-9,Missing Frame in File 2
151121,-9,-9,Missing Frame in File 2
151122,-9,-9,Missing Frame in File 2
151123,-9,-9,Missing Frame in File 2
151124,-9,-9,Missing Frame in File 2
151125,-9,-9,Missing Frame in File 2
151126,-9,-9,Missing Frame in File 2
151127,-9,-9,Missing Frame in File 2
151128,-9,-9,Missing Frame in File 2
151129,-9,-9,Missing Frame in File 2
151130,-9,-9,Missing Frame in File 2
151131,-9,-9,Missing Frame in File 2
151132,-9,-9,Missing Frame in File 2
151133,-9,-9,Missing Frame in File 2
151134,-9,-9,Missing Frame in File 2
151135,-9,-9,Missing Frame in File 2
151136,-9,-9,Missing Frame in File 2
151137,-9,-9,Missing Frame in File 2
151138,-9,-9,Missing Frame in File 2
151139,-9,-9,Missing Frame in File 2
151140,-9,-9,Missing Frame in File 2
151141,-9,-9,Missing Frame in File 2
151142,-9,-9,Missing Frame in File 2
151143,-9,-9,Missing Frame in File 2
151144,-9,-9,Missing Frame in File 2
151145,-9,-9,Missing Frame in File 2
151146,-9,-9,Missing Frame in File 2
151147,-9,-9,Missing Frame in File 2
151148,-9,-9,Missing Frame in File 2
151149,-9,-9,Missing Frame in File 2
151150,-9,-9,Missing Frame in File 2
151151,-9,-9,Missing Frame in File 2
151152,-9,-9,Missing Frame in File 2
156451,-9,-9,Missing Frame in File 2
156452,-9,-9,Missing Frame in File 2
156453,-9,-9,Missing Frame in File 2
156454,-9,-9,Missing Frame in File 2
156455,-9,-9,Missing Frame in File 2
156456,-9,-9,Missing Frame in File 2
156457,-9,-9,Missing Frame in File 2
156458,-9,-9,Missing Frame in File 2
156459,-9,-9,Missing Frame in File 2
156460,-9,-9,Missing Frame in File 2
156461,-9,-9,Missing Frame in File 2
156462,-9,-9,Missing Frame in File 2
156463,-9,-9,Missing Frame in File 2
156464,-9,-9,Missing Frame in File 2
156465,-9,-9,Missing Frame in File 2
156466,-9,-9,Missing Frame in File 2
156467,-9,-9,Missing Frame in File 2
156468,-9,-9,Missing Frame in File 2
156469,-9,-9,Missing Frame in File 2
156470,-9,-9,Missing Frame in File 2
156471,-9,-9,Missing Frame in File 2
156472,-9,-9,Missing Frame in File 2
156473,-9,-9,Missing Frame in File 2
156474,-9,-9,Missing Frame in File 2
156475,-9,-9,Missing Frame in File 2
156476,-9,-9,Missing Frame in File 2
156477,-9,-9,Missing Frame in File 2
156478,-9,-9,Missing Frame in File 2
156479,-9,-9,Missing Frame in File 2
156480,-9,-9,Missing Frame in File 2
156481,-9,-9,Missing Frame in File 2
156482,-9,-9,Missing Frame in File 2
156483,-9,-9,Missing Frame in File 2
156484,-9,-9,Missing Frame in File 2
156485,-9,-9,Missing Frame in File 2
156486,-9,-9,Missing Frame in File 2
156487,-9,-9,Missing Frame in File 2
156488,-9,-9,Missing Frame in File 2
156489,-9,-9,Missing Frame in File 2
156490,-9,-9,Missing Frame in File 2
156491,-9,-9,Missing Frame in File 2
156492,-9,-9,Missing Frame in File 2
156493,-9,-9,Missing Frame in File 2
156494,-9,-9,Missing Frame in File 2
156495,-9,-9,Missing Frame in File 2
156496,-9,-9,Missing Frame in File 2
156497,-9,-9,Missing Frame in File 2
156498,-9,-9,Missing Frame in File 2
156499,-9,-9,Missing Frame in File 2
156500,-9,-9,Missing Frame in File 2
156501,-9,-9,Missing Frame in File 2
156502,-9,-9,Missing Frame in File 2
156503,-9,-9,Missing Frame in File 2
156504,-9,-9,Missing Frame in File 2
156505,-9,-9,Missing Frame in File 2
156506,-9,-9,Missing Frame in File 2
156507,-9,-9,Missing Frame in File 2
156508,-9,-9,Missing Frame in File 2
156509,-9,-9,Missing Frame in File 2
156510,-9,-9,Missing Frame in File 2
156511,-9,-9,Missing Frame in File 2
156512,-9,-9,Missing Frame in File 2
156513,-9,-9,Missing Frame in File 2
156514,-9,-9,Missing Frame in File 2
156515,-9,-9,Missing Frame in File 2
156516,-9,-9,Missing Frame in File 2
156517,-9,-9,Missing Frame in File 2
156518,-9,-9,Missing Frame in File 2
156519,-9,-9,Missing Frame in File 2
156520,-9,-9,Missing Frame in File 2
156521,-9,-9,Missing Frame in File 2
156522,-9,-9,Missing Frame in File 2
156523,-9,-9,Missing Frame in File 2
156524,-9,-9,Missing Frame in File 2
156525,-9,-9,Missing Frame in File 2
156526,-9,-9,Missing Frame in File 2
156527,-9,-9,Missing Frame in File 2
156528,-9,-9,Missing Frame in File 2
156529,-9,-9,Missing Frame in File 2
156530,-9,-9,Missing Frame in File 2
156531,-9,-9,Missing Frame in File 2
156532,-9,-9,Missing Frame in File 2
156533,-9,-9,Missing Frame in File 2
156534,-9,-9,Missing Frame in File 2
156535,-9,-9,Missing Frame in File 2
156536,-9,-9,Missing Frame in File 2
156537,-9,-9,Missing Frame in File 2
156538,-9,-9,Missing Frame in File 2
156539,-9,-9,Missing Frame in File 2
156540,-9,-9,Missing Frame in File 2
156541,-9,-9,Missing Frame in File 2
156542,-9,-9,Missing Frame in File 2
156543,-9,-9,Missing Frame in File 2
156544,-9,-9,Missing Frame in File 2
156545,-9,-9,Missing Frame in File 2
156546,-9,-9,Missing Frame in File 2
156547,-9,-9,Missing Frame in File 2
156548,-9,-9,Missing Frame in File 2
156549,-9,-9,Missing Frame in File 2
156550,-9,-9,Missing Frame in File 2
156551,0,-9,Missing Frame in File 2
156552,0,-9,Missing Frame in File 2
156553,0,-9,Missing Frame in File 2
156554,0,-9,Missing Frame in File 2
156555,0,-9,Missing Frame in File 2
156556,0,-9,Missing Frame in File 2
156557,0,-9,Missing Frame in File 2
156558,0,-9,Missing Frame in File 2
156559,0,-9,Missing Frame in File 2
156560,0,-9,Missing Frame in File 2
156561,0,-9,Missing Frame in File 2
156562,0,-9,Missing Frame in File 2
156563,0,-9,Missing Frame in File 2
156564,0,-9,Missing Frame in File 2
156565,0,-9,Missing Frame in File 2
156566,0,-9,Missing Frame in File 2
156567,0,-9,Missing Frame in File 2
156568,0,-9,Missing Frame in File 2
156569,0,-9,Missing Frame in File 2
156570,0,-9,Missing Frame in File 2
156571,0,-9,Missing Frame in File 2
156572,0,-9,Missing Frame in File 2
156573,0,-9,Missing Frame in File 2
156574,0,-9,Missing Frame in File 2
156575,0,-9,Missing Frame in File 2
156576,0,-9,Missing Frame in File 2
156577,0,-9,Missing Frame in File 2
156578,0,-9,Missing Frame in File 2
156579,0,-9,Missing Frame in File 2
156580,0,-9,Missing Frame in File 2
156581,0,-9,Missing Frame in File 2
156582,0,-9,Missing Frame in File 2
156583,0,-9,Missing Frame in File 2
156584,0,-9,Missing Frame in File 2
156585,0,-9,Missing Frame in File 2
156586,0,-9,Missing Frame in File 2
156587,0,-9,Missing Frame in File 2
156588,0,-9,Missing Frame in File 2
156589,0,-9,Missing Frame in File 2
156590,0,-9,Missing Frame in File 2
156591,0,-9,Missing Frame in File 2
156592,0,-9,Missing Frame in File 2
156593,0,-9,Missing Frame in File 2
156594,0,-9,Missing Frame in File 2
156595,0,-9,Missing Frame in File 2
156596,0,-9,Missing Frame in File 2
156597,0,-9,Missing Frame in File 2
156598,0,-9,Missing Frame in File 2
156599,0,-9,Missing Frame in File 2
156600,0,-9,Missing Frame in File 2
156601,0,-9,Missing Frame in File 2
156602,0,-9,Missing Frame in File 2
156603,0,-9,Missing Frame in File 2
156604,0,-9,Missing Frame in File 2
156605,0,-9,Missing Frame in File 2
156606,0,-9,Missing Frame in File 2
156607,0,-9,Missing Frame in File 2
156608,0,-9,Missing Frame in File 2
156609,0,-9,Missing Frame in File 2
156610,0,-9,Missing Frame in File 2
156611,0,-9,Missing Frame in File 2
156612,0,-9,Missing Frame in File 2
156613,0,-9,Missing Frame in File 2
156614,0,-9,Missing Frame in File 2
156615,0,-9,Missing Frame in File 2
156616,0,-9,Missing Frame in File 2
156617,0,-9,Missing Frame in File 2
156618,0,-9,Missing Frame in File 2
156619,0,-9,Missing Frame in File 2
156620,0,-9,Missing Frame in File 2
156621,0,-9,Missing Frame in File 2
156622,0,-9,Missing Frame in File 2
156623,0,-9,Missing Frame in File 2
156624,0,-9,Missing Frame in File 2
156625,0,-9,Missing Frame in File 2
156626,0,-9,Missing Frame in File 2
156627,0,-9,Missing Frame in File 2
156628,0,-9,Missing Frame in File 2
156629,0,-9,Missing Frame in File 2
156630,0,-9,Missing Frame in File 2
156631,0,-9,Missing Frame in File 2
156632,0,-9,Missing Frame in File 2
156633,0,-9,Missing Frame in File 2
156634,0,-9,Missing Frame in File 2
156635,0,-9,Missing Frame in File 2
156636,0,-9,Missing Frame in File 2
156637,0,-9,Missing Frame in File 2
156638,0,-9,Missing Frame in File 2
156639,0,-9,Missing Frame in File 2
156640,0,-9,Missing Frame in File 2
156641,0,-9,Missing Frame in File 2
156642,0,-9,Missing Frame in File 2
156643,0,-9,Missing Frame in File 2
156644,0,-9,Missing Frame in File 2
156645,0,-9,Missing Frame in File 2
156646,0,-9,Missing Frame in File 2
156647,0,-9,Missing Frame in File 2
156648,0,-9,Missing Frame in File 2
156649,0,-9,Missing Frame in File 2
156650,0,-9,Missing Frame in File 2
156651,0,-9,Missing Frame in File 2
156652,0,-9,Missing Frame in File 2
156653,0,-9,Missing Frame in File 2
156654,0,-9,Missing Frame in File 2
156655,0,-9,Missing Frame in File 2
156656,0,-9,Missing Frame in File 2
156657,0,-9,Missing Frame in File 2
156658,0,-9,Missing Frame in File 2
156659,0,-9,Missing Frame in File 2
156660,0,-9,Missing Frame in File 2
156661,0,-9,Missing Frame in File 2
156662,0,-9,Missing Frame in File 2
156663,0,-9,Missing Frame in File 2
156664,0,-9,Missing Frame in File 2
156665,0,-9,Missing Frame in File 2
156666,0,-9,Missing Frame in File 2
156667,0,-9,Missing Frame in File 2
156668,0,-9,Missing Frame in File 2
156669,0,-9,Missing Frame in File 2
156670,0,-9,Missing Frame in File 2
156671,0,-9,Missing Frame in File 2
156672,0,-9,Missing Frame in File 2
156673,0,-9,Missing Frame in File 2
156674,0,-9,Missing Frame in File 2
156675,0,-9,Missing Frame in File 2
156676,0,-9,Missing Frame in File 2
156677,0,-9,Missing Frame in File 2
156678,0,-9,Missing Frame in File 2
156679,0,-9,Missing Frame in File 2
156680,0,-9,Missing Frame in File 2
156681,0,-9,Missing Frame in File 2
156682,0,-9,Missing Frame in File 2
156683,0,-9,Missing Frame in File 2
156684,0,-9,Missing Frame in File 2
156685,0,-9,Missing Frame in File 2
156686,0,-9,Missing Frame in File 2
156687,0,-9,Missing Frame in File 2
156688,0,-9,Missing Frame in File 2
156689,0,-9,Missing Frame in File 2
156690,0,-9,Missing Frame in File 2
156691,0,-9,Missing Frame in File 2
156692,0,-9,Missing Frame in File 2
156693,0,-9,Missing Frame in File 2
156694,0,-9,Missing Frame in File 2
156695,0,-9,Missing Frame in File 2
156696,0,-9,Missing Frame in File 2
156697,0,-9,Missing Frame in File 2
156698,0,-9,Missing Frame in File 2
156699,0,-9,Missing Frame in File 2
156700,0,-9,Missing Frame in File 2
156701,0,-9,Missing Frame in File 2
156702,0,-9,Missing Frame in File 2
156703,0,-9,Missing Frame in File 2
156704,0,-9,Missing Frame in File 2
156705,0,-9,Missing Frame in File 2
156706,0,-9,Missing Frame in File 2
156707,0,-9,Missing Frame in File 2
156708,0,-9,Missing Frame in File 2
156709,0,-9,Missing Frame in File 2
156710,0,-9,Missing Frame in File 2
156711,0,-9,Missing Frame in File 2
156712,0,-9,Missing Frame in File 2
156713,0,-9,Missing Frame in File 2
156714,0,-9,Missing Frame in File 2
156715,0,-9,Missing Frame in File 2
156716,0,-9,Missing Frame in File 2
156717,0,-9,Missing Frame in File 2
156718,0,-9,Missing Frame in File 2
156719,0,-9,Missing Frame in File 2
156720,0,-9,Missing Frame in File 2
156721,0,-9,Missing Frame in File 2
156722,0,-9,Missing Frame in File 2
156723,0,-9,Missing Frame in File 2
156724,0,-9,Missing Frame in File 2
156725,0,-9,Missing Frame in File 2
156726,0,-9,Missing Frame in File 2
156727,0,-9,Missing Frame in File 2
156728,0,-9,Missing Frame in File 2
156729,0,-9,Missing Frame in File 2
156730,0,-9,Missing Frame in File 2
156731,0,-9,Missing Frame in File 2
156732,0,-9,Missing Frame in File 2
156733,0,-9,Missing Frame in File 2
156734,0,-9,Missing Frame in File 2
156735,0,-9,Missing Frame in File 2
156736,0,-9,Missing Frame in File 2
156737,0,-9,Missing Frame in File 2
156738,0,-9,Missing Frame in File 2
156739,0,-9,Missing Frame in File 2
156740,0,-9,Missing Frame in File 2
156741,0,-9,Missing Frame in File 2
156742,0,-9,Missing Frame in File 2
156743,0,-9,Missing Frame in File 2
156744,0,-9,Missing Frame in File 2
156745,0,-9,Missing Frame in File 2
156746,0,-9,Missing Frame in File 2
156747,0,-9,Missing Frame in File 2
156748,0,-9,Missing Frame in File 2
156749,0,-9,Missing Frame in File 2
156750,0,-9,Missing Frame in File 2
156751,0,-9,Missing Frame in File 2
156752,0,-9,Missing Frame in File 2
156753,0,-9,Missing Frame in File 2
156754,0,-9,Missing Frame in File 2
156755,0,-9,Missing Frame in File 2
156756,0,-9,Missing Frame in File 2
156757,0,-9,Missing Frame in File 2
156758,0,-9,Missing Frame in File 2
156759,0,-9,Missing Frame in File 2
156760,0,-9,Missing Frame in File 2
156761,0,-9,Missing Frame in File 2
156762,0,-9,Missing Frame in File 2
156763,0,-9,Missing Frame in File 2
156764,0,-9,Missing Frame in File 2
156765,0,-9,Missing Frame in File 2
156766,0,-9,Missing Frame in File 2
156767,0,-9,Missing Frame in File 2
156768,0,-9,Missing Frame in File 2
156769,0,-9,Missing Frame in File 2
156770,0,-9,Missing Frame in File 2
156771,0,-9,Missing Frame in File 2
156772,0,-9,Missing Frame in File 2
156773,0,-9,Missing Frame in File 2
156774,0,-9,Missing Frame in File 2
156775,0,-9,Missing Frame in File 2
156776,0,-9,Missing Frame in File 2
156777,0,-9,Missing Frame in File 2
156778,0,-9,Missing Frame in File 2
156779,0,-9,Missing Frame in File 2
156780,0,-9,Missing Frame in File 2
156781,0,-9,Missing Frame in File 2
156782,0,-9,Missing Frame in File 2
156783,0,-9,Missing Frame in File 2
156985,-9,-9,Missing Frame in File 2
156986,-9,-9,Missing Frame in File 2
156987,-9,-9,Missing Frame in File 2
156988,-9,-9,Missing Frame in File 2
156989,-9,-9,Missing Frame in File 2
156990,-9,-9,Missing Frame in File 2
156991,-9,-9,Missing Frame in File 2
156992,-9,-9,Missing Frame in File 2
156993,-9,-9,Missing Frame in File 2
156994,-9,-9,Missing Frame in File 2
156995,-9,-9,Missing Frame in File 2
156996,-9,-9,Missing Frame in File 2
156997,-9,-9,Missing Frame in File 2
156998,-9,-9,Missing Frame in File 2
156999,-9,-9,Missing Frame in File 2
157000,-9,-9,Missing Frame in File 2
157001,-9,-9,Missing Frame in File 2
157002,-9,-9,Missing Frame in File 2
157003,-9,-9,Missing Frame in File 2
157004,-9,-9,Missing Frame in File 2
157005,-9,-9,Missing Frame in File 2
157006,-9,-9,Missing Frame in File 2
157007,-9,-9,Missing Frame in File 2
157008,-9,-9,Missing Frame in File 2
157009,-9,-9,Missing Frame in File 2
157010,-9,-9,Missing Frame in File 2
157011,-9,-9,Missing Frame in File 2
157012,-9,-9,Missing Frame in File 2
157013,-9,-9,Missing Frame in File 2
157014,-9,-9,Missing Frame in File 2
157015,-9,-9,Missing Frame in File 2
157016,-9,-9,Missing Frame in File 2
157017,-9,-9,Missing Frame in File 2
157018,-9,-9,Missing Frame in File 2
157019,-9,-9,Missing Frame in File 2
157020,-9,-9,Missing Frame in File 2
157021,-9,-9,Missing Frame in File 2
157022,-9,-9,Missing Frame in File 2
157023,-9,-9,Missing Frame in File 2
157024,-9,-9,Missing Frame in File 2
157025,-9,-9,Missing Frame in File 2
157026,-9,-9,Missing Frame in File 2
157027,-9,-9,Missing Frame in File 2
157028,-9,-9,Missing Frame in File 2
157029,-9,-9,Missing Frame in File 2
157030,-9,-9,Missing Frame in File 2
157031,-9,-9,Missing Frame in File 2
157032,-9,-9,Missing Frame in File 2
157033,-9,-9,Missing Frame in File 2
157034,-9,-9,Missing Frame in File 2
157035,-9,-9,Missing Frame in File 2
157036,-9,-9,Missing Frame in File 2
157037,-9,-9,Missing Frame in File 2
157038,-9,-9,Missing Frame in File 2
157039,-9,-9,Missing Frame in File 2
157040,-9,-9,Missing Frame in File 2
157041,-9,-9,Missing Frame in File 2
157042,-9,-9,Missing Frame in File 2
157043,-9,-9,Missing Frame in File 2
157044,-9,-9,Missing Frame in File 2
157045,-9,-9,Missing Frame in File 2
157046,-9,-9,Missing Frame in File 2
157047,-9,-9,Missing Frame in File 2
157048,-9,-9,Missing Frame in File 2
157049,-9,-9,Missing Frame in File 2
157050,-9,-9,Missing Frame in File 2
157051,-9,-9,Missing Frame in File 2
157052,-9,-9,Missing Frame in File 2
157053,-9,-9,Missing Frame in File 2
157054,-9,-9,Missing Frame in File 2
157055,-9,-9,Missing Frame in File 2
157056,-9,-9,Missing Frame in File 2
157057,-9,-9,Missing Frame in File 2
157058,-9,-9,Missing Frame in File 2
157059,-9,-9,Missing Frame in File 2
157060,-9,-9,Missing Frame in File 2
157061,-9,-9,Missing Frame in File 2
157062,-9,-9,Missing Frame in File 2
157063,-9,-9,Missing Frame in File 2
157064,-9,-9,Missing Frame in File 2
157065,-9,-9,Missing Frame in File 2
157066,-9,-9,Missing Frame in File 2
157067,-9,-9,Missing Frame in File 2
157068,-9,-9,Missing Frame in File 2
157069,-9,-9,Missing Frame in File 2
157070,-9,-9,Missing Frame in File 2
157071,-9,-9,Missing Frame in File 2
157072,-9,-9,Missing Frame in File 2
157073,-9,-9,Missing Frame in File 2
157074,-9,-9,Missing Frame in File 2
157075,-9,-9,Missing Frame in File 2
157076,-9,-9,Missing Frame in File 2
157077,-9,-9,Missing Frame in File 2
157078,-9,-9,Missing Frame in File 2
157079,-9,-9,Missing Frame in File 2
157080,-9,-9,Missing Frame in File 2
157081,-9,-9,Missing Frame in File 2
157082,-9,-9,Missing Frame in File 2
157083,-9,-9,Missing Frame in File 2
157084,-9,-9,Missing Frame in File 2
157085,-9,-9,Missing Frame in File 2
157086,-9,-9,Missing Frame in File 2
157087,-9,-9,Missing Frame in File 2
157088,-9,-9,Missing Frame in File 2
157089,-9,-9,Missing Frame in File 2
157090,-9,-9,Missing Frame in File 2
157091,-9,-9,Missing Frame in File 2
157092,-9,-9,Missing Frame in File 2
157093,-9,-9,Missing Frame in File 2
157094,-9,-9,Missing Frame in File 2
157095,-9,-9,Missing Frame in File 2
157096,-9,-9,Missing Frame in File 2
157097,-9,-9,Missing Frame in File 2
157098,-9,-9,Missing Frame in File 2
157099,-9,-9,Missing Frame in File 2
157100,-9,-9,Missing Frame in File 2
